tree
version=v4
num_class=1
num_tree_per_iteration=1
label_index=0
max_feature_idx=11
objective=regression
feature_names=oi_delta_5m_norm oi_delta_1h_norm cvd_score_5m liq_net_bias vwap_z_score top_ls_diff taker_ratio_log funding_rate_scaled vol_z_score wick_imbalance bb_pct_b btc_lead_spillover
feature_infos=[-1.9999534609785354:1.9988706931445224] [-1.9998771246184703:1.9978427242386925] [-0.9998943461354064:0.99934641048418449] [-0.99938053616998812:0.99984965366635303] [-2.4987377275471894:2.4993571913706694] [-1.4998556283170648:1.499702931027695] [-1.4996693045945326:1.4990868280642813] [-1.4997975070602767:1.4991962528870171] [-1.9999723166213101:2.9989468590629764] [-0.99963992203207441:0.99853737039263191] [1.6736257934746313e-05:0.99997214736798234] [-0.99981281228345531:0.99991390873754038]
tree_sizes=849 849 849 852 852 854 852 853 851 847 851 853 852 859 853 858 861 864 861 865 863 864 866 865 867 866 867 864 863 869 859 869 861 871 872 867 862 865 869 866 869 868 787 870 868

Tree=0
num_leaves=8
num_cat=0
split_feature=4 4 10 4 4 10 9
split_gain=257.506 135.549 10.5232 4.19625 3.19596 2.31041 1.30207
threshold=1.4010251726448812 -1.3985800771404995 0.28077767102815082 2.1015982553249439 -1.6787568665954293 0.26260600424663583 0.25813061451948233
decision_type=2 2 2 2 2 2 2
left_child=1 4 -3 5 -1 -2 -5
right_child=3 2 -4 6 -6 -7 -8
leaf_value=0.034863833900610659 -0.032210681946798658 0.0027320750341658746 -0.0092681026651364497 -0.055184783995041377 0.023060821587513297 -0.043786737886582758 -0.044712707211482725
leaf_weight=624 155 653 1648 232 192 383 113
leaf_count=624 155 653 1648 232 192 383 113
internal_value=-0.00673137 0.00407216 -0.00586258 -0.0448679 0.0320867 -0.0404516 -0.0517548
internal_weight=4000 3117 2301 883 816 538 345
internal_count=4000 3117 2301 883 816 538 345
is_linear=0
shrinkage=1


Tree=1
num_leaves=8
num_cat=0
split_feature=4 4 9 4 10 10 10
split_gain=217.953 114.729 9.01552 3.57925 2.83649 1.96213 1.20981
threshold=1.4010251726448812 -1.3985800771404995 0.25073635069387584 2.1520306319408053 0.72025498936476795 0.26260600424663583 0.28077767102815082
decision_type=2 2 2 2 2 2 2
left_child=1 4 -3 5 -1 -2 -5
right_child=3 2 -4 6 -6 -7 -8
leaf_value=0.038992735686085446 -0.02419808324996163 -0.0030477103103098992 0.007317556448158671 -0.034039392221186841 0.028930296271871353 -0.034409567680543617 -0.045354100267092391
leaf_weight=550 170 1447 854 84 266 413 216
leaf_count=550 170 1447 854 84 266 413 216
internal_value=-9.63639e-11 0.00993924 0.000799286 -0.0350856 0.0357126 -0.0314319 -0.042186
internal_weight=4000 3117 2301 883 816 583 300
internal_count=4000 3117 2301 883 816 583 300
is_linear=0
shrinkage=0.08


Tree=2
num_leaves=8
num_cat=0
split_feature=4 4 10 4 4 9 9
split_gain=184.475 97.1063 8.88501 3.25776 2.81004 2.71504 0.367939
threshold=1.4010251726448812 -1.3985800771404995 0.28077767102815082 1.7087406106481724 -1.9415257195288256 0.25073635069387584 0.25813061451948233
decision_type=2 2 2 2 2 2 2
left_child=1 4 -3 6 -1 -5 -2
right_child=3 2 -4 5 -6 -7 -8
leaf_value=0.037281707299666275 -0.026209187235608198 0.0086327155263720805 -0.0023938951850190618 -0.038994759096450622 0.027876168204626687 -0.028337767377681258 -0.019308043347822653
leaf_weight=432 149 653 1648 419 384 241 74
leaf_count=432 149 653 1648 419 384 241 74
internal_value=3.14089e-12 0.0091441 0.000735343 -0.0322788 0.0328556 -0.0351033 -0.0239191
internal_weight=4000 3117 2301 883 816 660 223
internal_count=4000 3117 2301 883 816 660 223
is_linear=0
shrinkage=0.08


Tree=3
num_leaves=8
num_cat=0
split_feature=4 4 2 4 4 10 9
split_gain=156.14 82.1907 8.37083 2.81879 2.4351 2.19104 0.761187
threshold=1.4010251726448812 -1.3985800771404995 0.11557488483349622 1.8897139453149101 -1.6787568665954293 0.21416249667230933 0.24026314943175134
decision_type=2 2 2 2 2 2 2
left_child=1 4 -3 6 -1 -5 -2
right_child=3 2 -4 5 -6 -7 -8
leaf_value=0.032651288833182593 -0.026908136809992995 -0.0036443460636721892 0.0060649336279675484 -0.023560664321468996 0.022348595388854541 -0.036135620850961184 -0.019155338483472024
leaf_weight=624 234 1277 1024 113 192 412 124
leaf_count=624 234 1277 1024 113 192 412 124
internal_value=-4.65289e-11 0.00841258 0.000676515 -0.0296965 0.0302271 -0.033429 -0.0242228
internal_weight=4000 3117 2301 883 816 525 358
internal_count=4000 3117 2301 883 816 525 358
is_linear=0
shrinkage=0.08


Tree=4
num_leaves=8
num_cat=0
split_feature=4 4 10 2 10 10 4
split_gain=132.157 69.5662 8.22366 2.82165 4.13535 2.37076 2.04251
threshold=1.4010251726448812 -1.3985800771404995 0.71296887660994446 0.094155788993348324 0.26260600424663583 0.72025498936476795 1.7087406106481724
decision_type=2 2 2 2 2 2 2
left_child=1 5 -3 6 -5 -1 -2
right_child=3 2 -4 4 -6 -7 -8
leaf_value=0.030807757396047766 -0.022363341823825992 0.0036039708804296456 -0.007049146256588909 -0.0089041970228707339 -0.027350344216223243 0.02160842571491586 -0.034247318767608809
leaf_weight=550 123 1657 644 108 278 266 374
leaf_count=550 123 1657 644 108 278 266 374
internal_value=3.34065e-11 0.00773957 0.000622394 -0.0273208 -0.0221892 0.027809 -0.0313062
internal_weight=4000 3117 2301 883 386 816 497
internal_count=4000 3117 2301 883 386 816 497
is_linear=0
shrinkage=0.08


Tree=5
num_leaves=8
num_cat=0
split_feature=4 4 9 2 10 9 10
split_gain=111.858 58.8809 7.61202 2.38825 3.50016 2.32454 1.89038
threshold=1.4010251726448812 -1.3985800771404995 0.25073635069387584 0.094155788993348324 0.26260600424663583 -0.28467845933239461 0.72844152529827844
decision_type=2 2 2 2 2 2 2
left_child=1 5 -3 6 -5 -1 -2
right_child=3 2 -4 4 -6 -7 -8
leaf_value=0.019676557068313873 -0.025849954427265731 -0.0029622896393579541 0.0065620515769918997 -0.008191861024609318 -0.025162316376356769 0.028670342179821499 -0.037048623416260001
leaf_weight=280 366 1447 854 108 278 536 131
leaf_count=280 366 1447 854 108 278 536 131
internal_value=9.87295e-11 0.0071204 0.000572603 -0.0251351 -0.0204141 0.0255842 -0.0288017
internal_weight=4000 3117 2301 883 386 816 497
internal_count=4000 3117 2301 883 386 816 497
is_linear=0
shrinkage=0.08


Tree=6
num_leaves=8
num_cat=0
split_feature=4 4 10 4 4 9 9
split_gain=94.7658 49.4634 7.05279 2.5259 2.14761 1.36327 0.850754
threshold=1.3896964863841539 -1.3985800771404995 0.28077767102815082 2.1015982553249439 -1.9415257195288256 -0.23316928479344121 0.25813061451948233
decision_type=2 2 2 2 2 2 2
left_child=1 4 -3 5 -1 -2 -5
right_child=3 2 -4 6 -6 -7 -8
leaf_value=0.027406926991211042 -0.024641526084249982 0.0076487776836830961 -0.0022071957049554346 -0.031015616234006553 0.019184394453962642 -0.016446200593810724 -0.022550786701978836
leaf_weight=432 208 649 1636 232 384 346 113
leaf_count=432 208 649 1636 232 384 346 113
internal_value=-5.51669e-11 0.00663002 0.00059216 -0.0228695 0.0235375 -0.0195231 -0.0282431
internal_weight=4000 3101 2285 899 816 554 345
internal_count=4000 3101 2285 899 816 554 345
is_linear=0
shrinkage=0.08


Tree=7
num_leaves=8
num_cat=0
split_feature=4 4 2 2 2 10 10
split_gain=80.2454 42.1592 7.11175 2.06867 2.01699 2.65632 1.69866
threshold=1.4010251726448812 -1.3985800771404995 -0.12890581453403169 0.059608804218868834 0.033400304783938746 0.26260600424663583 0.72844152529827844
decision_type=2 2 2 2 2 2 2
left_child=1 3 -3 -1 6 -6 -2
right_child=4 2 -4 -5 5 -7 -8
leaf_value=0.018021843486362033 -0.021978357425634414 -0.0046005872287021915 0.0043758022018174835 0.026120880936664311 -0.006944239108726896 -0.021219959885183007 -0.03286332529067993
leaf_weight=450 345 996 1305 366 116 297 125
leaf_count=450 345 996 1305 366 116 297 125
internal_value=4.7394e-11 0.0060309 0.000490325 0.0216545 -0.0212891 -0.0172103 -0.0248733
internal_weight=4000 3117 2301 816 883 413 470
internal_count=4000 3117 2301 816 883 413 470
is_linear=0
shrinkage=0.08


Tree=8
num_leaves=8
num_cat=0
split_feature=4 4 10 4 10 9 10
split_gain=67.9668 35.4194 6.50328 2.2519 1.99589 1.9106 0.274901
threshold=1.3896964863841539 -1.3985800771404995 0.71296887660994446 1.7087406106481724 0.72025498936476795 0.014144644320607138 0.1181818460875181
decision_type=2 2 2 2 2 2 2
left_child=1 4 -3 6 -1 -5 -2
right_child=3 2 -4 5 -6 -7 -8
leaf_value=0.022673659448190171 -0.0051114934627656582 0.0031560598010634423 -0.0063666500295834543 -0.026068453010835678 0.014232908178092843 -0.017459816947171754 -0.013682412206335872
leaf_weight=550 27 1649 636 331 266 329 212
leaf_count=550 27 1649 636 331 266 329 212
internal_value=7.89296e-12 0.00561484 0.000505538 -0.0193678 0.0199221 -0.0217772 -0.0127141
internal_weight=4000 3101 2285 899 816 660 239
internal_count=4000 3101 2285 899 816 660 239
is_linear=0
shrinkage=0.08


Tree=9
num_leaves=8
num_cat=0
split_feature=4 4 9 9 4 2 9
split_gain=57.5271 29.979 6.48254 1.94971 1.90601 1.6527 0.265111
threshold=1.3896964863841539 -1.3985800771404995 -0.25079736161455696 -0.28467845933239461 1.7087406106481724 0.094155788993348324 0.25813061451948233
decision_type=2 2 2 2 2 2 2
left_child=1 3 -3 -1 6 -6 -2
right_child=4 2 -4 -5 5 -7 -8
leaf_value=0.012917915499636105 -0.01355156990311901 -0.0049091081066128892 0.0038436022296173501 0.021154725191308489 -0.02353576510666526 -0.015457086175471754 -0.007869030426327998
leaf_weight=280 161 882 1403 536 374 286 78
leaf_count=280 161 882 1403 536 374 286 78
internal_value=-7.57934e-11 0.00516565 0.000465094 0.0183284 -0.0178183 -0.020035 -0.011697
internal_weight=4000 3101 2285 816 899 660 239
internal_count=4000 3101 2285 816 899 660 239
is_linear=0
shrinkage=0.08


Tree=10
num_leaves=8
num_cat=0
split_feature=4 4 2 2 9 10 4
split_gain=48.739 25.6441 6.2654 1.83844 1.69769 3.56621 1.26227
threshold=1.4010251726448812 -1.447155442814257 0.11557488483349622 -0.10483389186820079 0.24026314943175134 0.28077767102815082 1.7087406106481724
decision_type=2 2 2 2 2 2 2
left_child=1 3 -3 -1 6 -6 -2
right_child=4 2 -4 -5 5 -7 -8
leaf_value=0.013045549295822124 -0.012867575444885202 -0.0032212251506595034 0.0051203297446746308 0.020814787974833313 0.0011650131230658675 -0.017413311432295315 -0.021464735218212364
leaf_weight=363 148 1294 1039 421 94 223 418
leaf_count=363 148 1294 1039 421 94 223 418
internal_value=-7.78344e-11 0.00470013 0.000493681 0.0172176 -0.0165915 -0.0119043 -0.0192167
internal_weight=4000 3117 2333 784 883 317 566
internal_count=4000 3117 2333 784 883 317 566
is_linear=0
shrinkage=0.08


Tree=11
num_leaves=8
num_cat=0
split_feature=4 4 9 4 4 2 10
split_gain=41.2536 21.5586 5.73751 1.75911 1.65413 0.99132 0.523816
threshold=1.3896964863841539 -1.3985800771404995 0.25073635069387584 -1.8688279496514435 2.1643926257360024 -0.11973502247712696 0.72025498936476795
decision_type=2 2 2 2 2 2 2
left_child=1 3 -3 -1 5 -2 -6
right_child=4 2 -4 -5 6 -7 -8
leaf_value=0.018644259333610535 -0.016379464294071552 -0.0026969792642971362 0.0055969299779602263 0.011096964820864655 -0.017983339705118319 -0.0099032684781610279 -0.025616070091724397
leaf_weight=480 270 1435 850 336 205 344 80
leaf_count=480 270 1435 850 336 205 344 80
internal_value=-1.64576e-11 0.00437441 0.000388282 0.0155365 -0.015089 -0.0127511 -0.0201259
internal_weight=4000 3101 2285 816 899 614 285
internal_count=4000 3101 2285 816 899 614 285
is_linear=0
shrinkage=0.08


Tree=12
num_leaves=8
num_cat=0
split_feature=4 4 10 10 9 10 10
split_gain=34.969 18.4162 5.64429 1.46573 1.45853 2.32977 1.60534
threshold=1.4010251726448812 -1.5938653210116214 0.28077767102815082 0.72025498936476795 -0.18348146675064222 0.72844152529827844 0.12631663678606611
decision_type=2 2 2 2 2 2 2
left_child=1 3 -3 -1 5 -2 -6
right_child=4 2 -4 -5 6 -7 -8
leaf_value=0.018050207793712615 -0.014297572821378708 0.0068493550873240869 -0.0017132501836211755 0.010113614272633823 0.00013234252438825718 -0.029182374162620373 -0.013055620031886631
leaf_weight=470 276 687 1742 218 68 89 450
leaf_count=470 276 687 1742 218 68 89 450
internal_value=-1.05565e-10 0.0039812 0.000708532 0.0155354 -0.0140537 -0.017927 -0.0113244
internal_weight=4000 3117 2429 688 883 365 518
internal_count=4000 3117 2429 688 883 365 518
is_linear=0
shrinkage=0.08


Tree=13
num_leaves=8
num_cat=0
split_feature=4 4 2 9 2 10 10
split_gain=29.5978 15.8379 5.28234 1.62645 1.31668 2.06628 1.04108
threshold=1.4010251726448812 -1.3985800771404995 0.11557488483349622 -0.28467845933239461 0.094155788993348324 0.26260600424663583 0.72844152529827844
decision_type=2 2 2 2 2 2 2
left_child=1 3 -3 -1 6 -6 -2
right_child=4 2 -4 -5 5 -7 -8
leaf_value=0.0082970853703362608 -0.01346132725802927 -0.0031656336412854793 0.0045472373276788857 0.01582014732952438 -3.3222569359673396e-05 -0.013072228022187733 -0.02177195918696527
leaf_weight=280 366 1277 1024 536 108 278 131
leaf_count=280 366 1277 1024 536 108 278 131
internal_value=-3.04123e-11 0.0036627 0.000266778 0.0132387 -0.0129294 -0.00942401 -0.0156519
internal_weight=4000 3117 2301 816 883 386 497
internal_count=4000 3117 2301 816 883 386 497
is_linear=0
shrinkage=0.08


Tree=14
num_leaves=8
num_cat=0
split_feature=4 4 9 9 10 10 2
split_gain=25.0665 13.4521 5.34479 1.37429 2.10677 1.18035 1.15964
threshold=1.3896964863841539 -1.6787568665954293 -0.25079736161455696 -0.22499810999790346 0.72844152529827844 0.12631663678606611 -0.099780458773901834
decision_type=2 2 2 2 2 2 2
left_child=1 6 -3 4 -2 -5 -1
right_child=3 2 -4 5 -6 -7 -8
leaf_value=0.01018275182487236 -0.012132110245087568 -0.0039341219683477783 0.0037038745752885922 0.0004013766757619213 -0.02643426489555973 -0.010666830474888082 0.017100719270252047
leaf_weight=288 272 953 1524 71 87 469 336
leaf_count=288 272 953 1524 71 87 469 336
internal_value=8.98784e-12 0.00340986 0.000765235 -0.0117619 -0.0155981 -0.00921157 0.0139078
internal_weight=4000 3101 2477 899 359 540 624
internal_count=4000 3101 2477 899 359 540 624
is_linear=0
shrinkage=0.08


Tree=15
num_leaves=8
num_cat=0
split_feature=4 4 10 10 4 9 2
split_gain=21.2436 11.6394 5.2407 1.43382 1.25197 0.700085 0.464973
threshold=1.4010251726448812 -1.3985800771404995 0.71296887660994446 0.28664243400978051 2.1015982553249439 0.25073635069387584 -0.012643802597838703
decision_type=2 2 2 2 2 2 2
left_child=1 3 -3 -1 5 -2 -6
right_child=4 2 -4 -5 6 -7 -8
leaf_value=0.01683177950978279 -0.010761356552478655 0.0025719891898963528 -0.0059323161489312883 0.0092748039025788345 -0.017593409706923097 -0.0047898605130612852 -0.011718332785121082
leaf_weight=220 338 1657 644 596 176 200 169
leaf_count=220 338 1657 644 596 176 200 169
internal_value=3.48454e-11 0.00310303 0.000191819 0.0113122 -0.0109537 -0.00854147 -0.0147155
internal_weight=4000 3117 2301 816 883 538 345
internal_count=4000 3117 2301 816 883 538 345
is_linear=0
shrinkage=0.08


Tree=16
num_leaves=8
num_cat=0
split_feature=4 4 2 4 9 9 9
split_gain=17.9806 9.95263 4.95585 1.09216 1.07878 0.745846 0.326961
threshold=1.4010251726448812 -1.6787568665954293 -0.12890581453403169 1.8897139453149101 0.19432554162195206 0.25073635069387584 0.12740937891324647
decision_type=2 2 2 2 2 2 2
left_child=1 4 -3 6 -1 -5 -2
right_child=3 2 -4 5 -6 -7 -8
leaf_value=0.0091252654580889041 -0.0087470450484673085 -0.0034767383225227768 0.0037191860929184353 -0.014690404994351727 0.015891801717234592 -0.0084297236924370141 -0.0038557496980616925
leaf_weight=369 206 1083 1410 333 255 192 152
leaf_count=369 206 1083 1410 333 255 192 152
internal_value=3.33739e-11 0.00285479 0.000593159 -0.0100774 0.0118904 -0.0124008 -0.00667029
internal_weight=4000 3117 2493 883 624 525 358
internal_count=4000 3117 2493 883 624 525 358
is_linear=0
shrinkage=0.08


Tree=17
num_leaves=8
num_cat=0
split_feature=4 4 10 10 2 10 9
split_gain=15.2257 8.53975 4.44008 1.30836 1.11664 1.25711 1.1066
threshold=1.3896964863841539 -1.3753926836173693 0.71296887660994446 0.73627697104483047 -0.099780458773901834 0.72844152529827844 0.25073635069387584
decision_type=2 2 2 2 2 2 2
left_child=1 3 -3 -1 5 -2 -6
right_child=4 2 -4 -5 6 -7 -8
leaf_value=0.011717351749727486 -0.0095525755996213237 0.0023118191713483089 -0.0055864351644238277 0.0048585380359675535 -0.0093353890360347823 -0.019491117295918164 -0.0012798345865246781
leaf_weight=574 306 1638 631 258 315 111 167
leaf_count=574 306 1638 631 258 315 111 167
internal_value=-3.60228e-11 0.00265752 0.000115346 0.00959046 -0.00916683 -0.0121981 -0.00654436
internal_weight=4000 3101 2269 832 899 417 482
internal_count=4000 3101 2269 832 899 417 482
is_linear=0
shrinkage=0.08


Tree=18
num_leaves=8
num_cat=0
split_feature=4 4 9 2 2 10 10
split_gain=13.0512 7.56162 4.51849 1.30767 0.929778 1.4828 0.676404
threshold=1.5273547982635083 -1.447155442814257 0.25073635069387584 -0.099780458773901834 0.07349149770609599 0.26260600424663583 0.72844152529827844
decision_type=2 2 2 2 2 2 2
left_child=1 3 -3 -1 6 -6 -2
right_child=4 2 -4 -5 5 -7 -8
leaf_value=0.0056011797251597131 -0.0098280566339381033 -0.0025858313761770745 0.0045620050126549795 0.012150086504919678 0.0023603373954170629 -0.0093305383554782521 -0.017004523225488108
leaf_weight=366 320 1531 898 418 95 258 114
leaf_count=366 320 1531 898 418 95 258 114
internal_value=-2.70316e-12 0.00226161 5.67199e-05 0.00909282 -0.00923322 -0.00618427 -0.0117131
internal_weight=4000 3213 2429 784 787 353 434
internal_count=4000 3213 2429 784 787 353 434
is_linear=0
shrinkage=0.08


Tree=19
num_leaves=8
num_cat=0
split_feature=4 4 9 10 9 10 10
split_gain=11.0465 6.54625 4.20589 0.932811 0.805761 1.21901 0.855203
threshold=1.5273547982635083 -1.6787568665954293 -0.25079736161455696 0.28664243400978051 -0.23316928479344121 0.72844152529827844 0.28077767102815082
decision_type=2 2 2 2 2 2 2
left_child=1 3 -3 -1 5 -2 -6
right_child=4 2 -4 -5 6 -7 -8
leaf_value=0.014531964056992107 -0.0087307525813319284 -0.0037599966420677378 0.0028637487154458386 0.0075586051362354243 -0.0010736437426770436 -0.020255666136670906 -0.0085704428631996968
leaf_weight=168 229 999 1590 456 136 79 343
leaf_count=168 229 999 1590 456 136 79 343
internal_value=7.47069e-11 0.00208068 0.000307889 0.00943605 -0.00849456 -0.0116868 -0.00644192
internal_weight=4000 3213 2589 624 787 308 479
internal_count=4000 3213 2589 624 787 308 479
is_linear=0
shrinkage=0.08


Tree=20
num_leaves=8
num_cat=0
split_feature=4 4 2 9 10 10 9
split_gain=9.39196 5.7 3.8739 1.19665 2.57549 0.750998 0.731536
threshold=-1.3753926836173693 1.7087406106481724 0.07349149770609599 -0.18933380385642359 0.72025498936476795 0.28664243400978051 -0.23316928479344121
decision_type=2 2 2 2 2 2 2
left_child=3 2 -2 4 -1 -5 -3
right_child=1 6 -4 5 -6 -7 -8
leaf_value=0.0087559722353355591 -0.0031624591620452425 -0.011884205886553832 0.0031435414845332635 0.015087317525853974 -0.0066261864095353163 0.0081290217003524897 -0.0064405876351520423
leaf_weight=211 1348 262 1160 134 104 383 398
leaf_count=211 1348 262 1160 134 104 383 398
internal_value=-8.67061e-12 -0.00198659 -0.000245808 0.00756431 0.00367742 0.00993253 -0.00860154
internal_weight=4000 3168 2508 832 315 517 660
internal_count=4000 3168 2508 832 315 517 660
is_linear=0
shrinkage=0.08


Tree=21
num_leaves=8
num_cat=0
split_feature=4 10 9 4 4 2 2
split_gain=8.08197 4.71486 9.95227 3.89227 0.796889 0.546648 0.216735
threshold=1.3896964863841539 0.28077767102815082 0.25073635069387584 -1.7134605495460082 2.2528104272429652 -0.11973502247712696 -0.012643802597838703
decision_type=2 2 2 2 2 2 2
left_child=1 2 -1 -3 5 -2 -6
right_child=4 3 -4 -5 6 -7 -8
leaf_value=0.00027362012642401234 -0.0078539908625478282 0.0067836796803207233 0.017958004151838364 -0.001649140248868745 -0.013102943902789068 -0.0032681120808857184 -0.008122867390943261
leaf_weight=540 299 435 327 1799 121 375 104
leaf_count=540 299 435 327 1799 121 375 104
internal_value=-3.49962e-11 0.00193619 0.00694351 -7.11846e-06 -0.00667866 -0.0053025 -0.010801
internal_weight=4000 3101 867 2234 899 674 225
internal_count=4000 3101 867 2234 899 674 225
is_linear=0
shrinkage=0.08


Tree=22
num_leaves=8
num_cat=0
split_feature=4 4 10 2 9 10 2
split_gain=7.06599 4.13028 3.34757 1.1127 1.71286 0.908112 0.669847
threshold=-1.3753926836173693 1.5902783765242561 0.71296887660994446 -0.099780458773901834 -0.28467845933239461 0.28664243400978051 0.07349149770609599
decision_type=2 2 2 2 2 2 2
left_child=3 2 -2 4 -1 -5 -3
right_child=1 6 -4 5 -6 -7 -8
leaf_value=-0.0040267736510238572 0.0017106583640244697 -0.0091235420274067766 -0.0049221916088781894 0.015323715881229594 0.0072507700311689408 0.0071273599225364645 -0.004278681173088085
leaf_weight=131 1755 409 674 117 252 332 330
leaf_count=131 1755 409 674 117 252 332 330
internal_value=-5.99732e-11 -0.00172312 -0.000129828 0.00656111 0.00339344 0.00926316 -0.00696007
internal_weight=4000 3168 2429 832 383 449 739
internal_count=4000 3168 2429 832 383 449 739
is_linear=0
shrinkage=0.08


Tree=23
num_leaves=8
num_cat=0
split_feature=4 2 10 10 4 10 10
split_gain=5.98065 3.88559 5.697 5.00705 1.00302 0.809723 0.171233
threshold=-1.3753926836173693 -0.095948015987614252 0.71296887660994446 0.26260600424663583 -2.2640960847115221 0.28664243400978051 0.76120473538453137
decision_type=2 2 2 2 2 2 2
left_child=4 2 -2 -3 6 -6 -1
right_child=1 3 -4 -5 5 -7 -8
leaf_value=0.012883217591505784 -0.0015439368219662361 0.0079962600368840651 -0.012797155282626878 -0.001667355706184723 0.0090990797094443986 0.0028425954383413067 0.0072039865410846214
leaf_weight=130 1041 472 398 1257 184 472 46
leaf_count=130 1041 472 398 1257 184 472 46
internal_value=-9.54919e-12 -0.00158527 -0.00465636 0.000970716 0.00603622 0.00459746 0.0113989
internal_weight=4000 3168 1439 1729 832 656 176
internal_count=4000 3168 1439 1729 832 656 176
is_linear=0
shrinkage=0.08


Tree=24
num_leaves=8
num_cat=0
split_feature=4 9 10 10 9 10 10
split_gain=5.59808 3.96065 8.3055 2.86972 0.623697 1.42728 0.555959
threshold=1.4010251726448812 -0.25079736161455696 0.71296887660994446 0.28077767102815082 0.10595259873355602 0.28077767102815082 0.72844152529827844
decision_type=2 2 2 2 2 2 2
left_child=1 2 -1 -3 6 -6 -2
right_child=4 3 -4 -5 5 -7 -8
leaf_value=0.0022750036823131797 -0.0060170909742340555 0.0087190141064691848 -0.012461016480878037 0.001883916192303735 0.0045845064796783313 -0.0062202727137310567 -0.012335725197743657
leaf_weight=831 374 548 347 1391 108 284 117
leaf_count=831 374 548 347 1391 108 284 117
internal_value=-3.21042e-11 0.00159291 -0.00206574 0.00381565 -0.00562299 -0.00324345 -0.00752275
internal_weight=4000 3117 1178 1939 883 392 491
internal_count=4000 3117 1178 1939 883 392 491
is_linear=0
shrinkage=0.08


Tree=25
num_leaves=8
num_cat=0
split_feature=4 2 10 10 2 10 10
split_gain=4.85566 3.38747 5.9091 2.93255 0.969806 1.35 0.816334
threshold=-1.3753926836173693 0.07349149770609599 0.26260600424663583 0.71296887660994446 -0.029726998312302185 0.72025498936476795 0.28664243400978051
decision_type=2 2 2 2 2 2 2
left_child=4 3 -3 -2 5 -1 -6
right_child=1 2 -4 -5 6 -7 -8
leaf_value=0.0057116203410872103 -0.0018182072817027964 0.0098831218758294748 -0.0016623679682505532 -0.0092573377385094611 0.014348013236467701 -0.0042062863441450259 0.0061373213406863475
leaf_weight=290 1253 387 1063 465 103 126 313
leaf_count=290 1253 387 1063 465 103 126 313
internal_value=1.4648e-12 -0.00142841 0.00141908 -0.00383171 0.00543895 0.00270764 0.00817026
internal_weight=4000 3168 1450 1718 832 416 416
internal_count=4000 3168 1450 1718 832 416 416
is_linear=0
shrinkage=0.08


Tree=26
num_leaves=8
num_cat=0
split_feature=4 9 10 10 9 10 10
split_gain=4.59504 3.46595 6.89402 1.95547 0.594583 0.886184 0.447662
threshold=1.5902783765242561 0.25073635069387584 0.28077767102815082 0.72025498936476795 -0.23316928479344121 0.72844152529827844 0.12631663678606611
decision_type=2 2 2 2 2 2 2
left_child=1 3 -3 -1 5 -2 -6
right_child=4 2 -4 -5 6 -7 -8
leaf_value=0.00081788101295693241 -0.005939547103229398 0.014342490617978484 0.0009188302699795792 -0.0046989328667129343 0.0027277056794417533 -0.016165607714489712 -0.0048526868861795752
leaf_weight=1476 211 340 875 570 57 73 398
leaf_count=1476 211 340 875 570 57 73 398
internal_value=-5.36689e-12 0.00129078 0.00467525 -0.000719061 -0.00569584 -0.00856808 -0.00390306
internal_weight=4000 3261 1215 2046 739 284 455
internal_count=4000 3261 1215 2046 739 284 455
is_linear=0
shrinkage=0.08


Tree=27
num_leaves=8
num_cat=0
split_feature=4 2 10 10 4 2 9
split_gain=3.98123 2.86959 4.56443 2.22133 0.906224 0.682412 0.176653
threshold=-1.352116673414395 0.07349149770609599 0.26260600424663583 0.71296887660994446 -2.2026997297944391 -0.029726998312302185 -0.3204986568667067
decision_type=2 2 2 2 2 2 2
left_child=4 3 -3 -2 6 -6 -1
right_child=1 2 -4 -5 5 -7 -8
leaf_value=0.0062167072147130964 -0.0017683880633970587 0.0087523645547625314 -0.0014076597875882742 -0.0082558755236064318 0.00064493112590089459 0.0059361192737367539 0.01090536245248384
leaf_weight=80 1249 387 1053 463 311 313 144
leaf_count=80 1249 387 1053 463 311 313 144
internal_value=-1.22701e-11 -0.0013091 0.00132285 -0.00352289 0.00486591 0.003299 0.00923084
internal_weight=4000 3152 1440 1712 848 624 224
internal_count=4000 3152 1440 1712 848 624 224
is_linear=0
shrinkage=0.08


Tree=28
num_leaves=8
num_cat=0
split_feature=4 9 10 4 9 10 10
split_gain=3.76632 2.96719 5.968 1.45594 0.486423 0.960841 0.281464
threshold=1.4368100235027157 -0.25079736161455696 0.71296887660994446 -1.8688279496514435 0.096393600519159808 0.28077767102815082 0.76329705603888887
decision_type=2 2 2 2 2 2 2
left_child=1 2 -1 -3 6 -6 -2
right_child=4 3 -4 -5 5 -7 -8
leaf_value=0.001773373597385052 -0.0054867138121974359 0.0082798481545270138 -0.01066866748312483 0.0022561463233717787 0.0038713090318553849 -0.0050893482317948937 -0.010442599787614769
leaf_weight=842 378 304 349 1654 106 276 91
leaf_count=842 378 304 349 1654 106 276 91
internal_value=-7.02654e-11 0.00127614 -0.00187253 0.00319139 -0.00472216 -0.00260288 -0.0064483
internal_weight=4000 3149 1191 1958 851 382 469
internal_count=4000 3149 1191 1958 851 382 469
is_linear=0
shrinkage=0.08


Tree=29
num_leaves=8
num_cat=0
split_feature=4 2 10 10 9 10 10
split_gain=3.22503 2.81861 3.0789 2.77509 0.412588 0.724347 0.281004
threshold=1.7087406106481724 -0.037449897660778213 0.72025498936476795 0.28077767102815082 -0.2395507667374723 0.72844152529827844 0.086750398707788681
decision_type=2 2 2 2 2 2 2
left_child=1 2 -1 -3 5 -2 -6
right_child=4 3 -4 -5 6 -7 -8
leaf_value=0.00075533610245466791 -0.0051281379975292108 0.0084720515354609182 -0.0070727855153802288 0.0012833102594390512 0.0035737219001307631 -0.014830492682134112 -0.0041332884009658523
leaf_weight=1173 194 474 443 1250 33 66 367
leaf_count=1173 194 474 443 1250 33 66 367
internal_value=5.19954e-11 0.00100978 -0.00139062 0.0032598 -0.00511008 -0.00759104 -0.00349746
internal_weight=4000 3340 1616 1724 660 260 400
internal_count=4000 3340 1616 1724 660 260 400
is_linear=0
shrinkage=0.08


Tree=30
num_leaves=8
num_cat=0
split_feature=4 9 10 4 4 9 1
split_gain=2.97321 2.49739 5.62283 0.961806 0.502678 0.386456 0.1088
threshold=-1.6787568665954293 0.24026314943175134 0.28077767102815082 1.8897139453149101 -2.2640960847115221 0.26441174948777352 -1.3339158789064296
decision_type=2 2 2 2 2 2 2
left_child=4 3 -3 -2 6 -6 -1
right_child=1 2 -4 -5 5 -7 -8
leaf_value=0.0049053327347102918 -0.0018795883796657675 0.010203191175975877 -0.0015536036414272162 -0.0065686612592954661 0.0018472854200571427 0.0067124812340459243 0.0097395968377806137
leaf_weight=38 1786 368 890 332 282 166 138
leaf_count=38 1786 368 890 332 282 166 138
internal_value=2.714e-11 -0.000937699 0.00188559 -0.00261461 0.00507319 0.00365001 0.00869584
internal_weight=4000 3376 1258 2118 624 448 176
internal_count=4000 3376 1258 2118 624 448 176
is_linear=0
shrinkage=0.08


Tree=31
num_leaves=8
num_cat=0
split_feature=2 9 10 9 10 10 10
split_gain=2.68707 3.58929 25.5978 2.4589 17.3398 2.80183 2.39682
threshold=-0.099780458773901834 -0.25079736161455696 0.72025498936476795 0.25073635069387584 0.28077767102815082 0.27504055320786686 0.71296887660994446
decision_type=2 2 2 2 2 2 2
left_child=1 2 -1 5 -5 -2 -3
right_child=3 6 -4 4 -6 -7 -8
leaf_value=0.002548746141473966 -0.0060790962694657292 -0.0018864525441510105 -0.032360662766124891 0.023212583515884695 -0.0022998114295761257 0.0020340953830765155 0.0062022101682195638
leaf_weight=499 374 798 184 244 566 1003 332
leaf_count=499 374 798 184 244 566 1003 332
internal_value=-5.13934e-11 -0.00227733 -0.00685584 0.00188788 0.0053854 -0.000169488 0.00049004
internal_weight=4000 1813 683 2187 810 1377 1130
internal_count=4000 1813 683 2187 810 1377 1130
is_linear=0
shrinkage=0.08


Tree=32
num_leaves=8
num_cat=0
split_feature=4 2 9 9 4 2 2
split_gain=2.58445 1.84889 3.38608 1.24839 0.632638 0.427632 0.159157
threshold=-1.352116673414395 0.07349149770609599 0.25073635069387584 -0.25079736161455696 -2.1689757763331552 0.57027472947633784 -0.2437725882385858
decision_type=2 2 2 2 2 2 2
left_child=4 3 -3 -2 6 -6 -1
right_child=1 2 -4 -5 5 -7 -8
leaf_value=0.004668153066498538 -0.0055794168470729285 -0.0019203877451631219 0.0061108958922075421 -0.0011332481082142393 0.0013881173231363412 0.0067037754966190353 0.0087884340927121239
leaf_weight=96 654 906 534 1058 470 122 160
leaf_count=96 654 906 534 1058 470 122 160
internal_value=-2.6369e-11 -0.00105475 0.00105788 -0.00283173 0.00392048 0.00248357 0.00724333
internal_weight=4000 3152 1440 1712 848 592 256
internal_count=4000 3152 1440 1712 848 592 256
is_linear=0
shrinkage=0.08


Tree=33
num_leaves=8
num_cat=0
split_feature=4 2 10 9 4 9 2
split_gain=2.42171 1.92349 3.54846 1.41182 0.474374 0.176717 0.156392
threshold=1.2853039691277219 0.11557488483349622 0.28077767102815082 -0.28467845933239461 1.9775176102339638 -0.26401552649410581 -0.2437725882385858
decision_type=2 2 2 2 2 2 2
left_child=1 3 -3 -1 5 -2 -6
right_child=4 2 -4 -5 6 -7 -8
leaf_value=-0.0037233558932149953 -0.0037090112518751994 0.010205623918930302 0.0008889428596778815 0.0010801399204268141 -0.0073086193929047154 -0.00069361382653783886 -0.0042215137053017802
leaf_weight=616 200 358 972 1075 167 329 283
leaf_count=616 200 358 972 1075 167 329 283
internal_value=-2.42479e-12 0.00112057 0.00339674 -0.000669685 -0.00345784 -0.00183365 -0.00536717
internal_weight=4000 3021 1330 1691 979 529 450
internal_count=4000 3021 1330 1691 979 529 450
is_linear=0
shrinkage=0.08


Tree=34
num_leaves=8
num_cat=0
split_feature=4 2 9 10 2 10 10
split_gain=2.11957 1.51489 2.05167 1.73264 0.406296 0.875261 0.110755
threshold=-1.8688279496514435 -0.029726998312302185 0.25073635069387584 0.71296887660994446 -0.2437725882385858 0.72025498936476795 0.78290296373582624
decision_type=2 2 2 2 2 2 2
left_child=4 3 -3 -2 5 -1 -6
right_child=1 2 -4 -5 6 -7 -8
leaf_value=0.0059614578911662101 -0.00082510446243583139 -0.0011357246061126534 0.0044488458017707426 -0.0065323324567731871 0.0059714179503036037 -0.0056026573881270397 0.0096033540431042803
leaf_weight=125 1249 1133 670 468 221 63 71
leaf_count=125 1249 1133 670 468 221 63 71
internal_value=-7.46754e-12 -0.000680039 0.000939518 -0.00238071 0.00498695 0.00208625 0.00685453
internal_weight=4000 3520 1803 1717 480 188 292
internal_count=4000 3520 1803 1717 480 188 292
is_linear=0
shrinkage=0.08


Tree=35
num_leaves=8
num_cat=0
split_feature=4 2 9 10 4 9 8
split_gain=1.98612 1.4553 2.52016 1.1565 0.318411 0.105475 0.0803148
threshold=1.4368100235027157 -0.10483389186820079 -0.25079736161455696 0.28077767102815082 2.2528104272429652 -0.2395507667374723 -0.93381897423122096
decision_type=2 2 2 2 2 2 2
left_child=1 2 -1 -3 5 -2 -6
right_child=4 3 -4 -5 6 -7 -8
leaf_value=-0.0053398604788905324 -0.0038500460435270606 0.0057910403655267052 0.0016355981103244558 0.0011910029113567314 -0.0087331411948884437 -0.001701827051388171 -0.0051712808959445975
leaf_weight=530 233 486 885 1248 53 393 172
leaf_count=530 233 486 885 1248 53 393 172
internal_value=-7.98114e-12 0.000926705 -0.000977118 0.00248029 -0.00342914 -0.0025014 -0.0060103
internal_weight=4000 3149 1415 1734 851 626 225
internal_count=4000 3149 1415 1734 851 626 225
is_linear=0
shrinkage=0.08


Tree=36
num_leaves=8
num_cat=0
split_feature=4 4 9 4 10 2 2
split_gain=1.77749 1.10288 1.01364 0.477509 0.326951 0.10969 0.0798088
threshold=-1.352116673414395 1.9775176102339638 0.24026314943175134 -2.2026997297944391 0.043510142220760946 -0.2437725882385858 -0.78795203870800012
decision_type=2 2 2 2 2 2 2
left_child=3 2 -2 6 -5 -3 -1
right_child=1 5 -4 4 -6 -7 -8
leaf_value=0.0027869166298346089 -0.0014573940868766206 -0.0061675460656692169 0.0017478624234002855 0.010896108021529823 0.0017320788994643302 -0.0035821387671960961 0.0070474660962195927
leaf_weight=33 1696 167 1006 26 598 283 191
leaf_count=33 1696 167 1006 26 598 283 191
internal_value=6.52915e-12 -0.00087472 -0.000264023 0.00325132 0.00211391 -0.00454161 0.0064198
internal_weight=4000 3152 2702 848 624 450 224
internal_count=4000 3152 2702 848 624 450 224
is_linear=0
shrinkage=0.08


Tree=37
num_leaves=8
num_cat=0
split_feature=4 2 10 9 4 2 7
split_gain=1.50447 1.03923 2.02712 1.03568 0.404163 0.293524 0.0774961
threshold=-1.352116673414395 -0.15743167896075425 0.72025498936476795 0.25073635069387584 -2.2026997297944391 0.57027472947633784 1.1043775220031713
decision_type=2 2 2 2 2 2 2
left_child=4 2 -2 -3 6 -6 -1
right_child=1 3 -4 -5 5 -7 -8
leaf_value=0.0064800480802853899 -0.00058473522249680577 -0.0010030335560902665 -0.0075828971097800782 0.0029645744763010392 0.0010504006670030404 0.0053107473856719737 0.0020476604304436978
leaf_weight=195 966 1160 365 661 493 131 29
leaf_count=195 966 1160 365 661 493 131 29
internal_value=2.45657e-11 -0.000804742 -0.00250384 0.000437158 0.00299121 0.0019448 0.00590621
internal_weight=4000 3152 1331 1821 848 624 224
internal_count=4000 3152 1331 1821 848 624 224
is_linear=0
shrinkage=0.08


Tree=38
num_leaves=8
num_cat=0
split_feature=4 2 10 10 4 6 8
split_gain=1.40724 1.1269 2.67366 0.961589 0.229838 0.0931962 0.074687
threshold=1.4368100235027157 0.11557488483349622 0.28077767102815082 0.71296887660994446 2.1015982553249439 1.1878142306419157 -0.79718782957678014
decision_type=2 2 2 2 2 2 2
left_child=1 3 -3 -1 5 -2 -6
right_child=4 2 -4 -5 6 -7 -8
leaf_value=0.00062258401594406782 -0.0021275082285815033 0.0083342649675045254 0.00036720317634562314 -0.0035053597998869891 -0.006347374670131474 0.0018078175510856367 -0.0037372549280603436
leaf_weight=1268 464 368 1008 505 98 42 247
leaf_count=1268 464 368 1008 505 98 42 247
internal_value=-5.68695e-12 0.000780051 0.00249793 -0.00055317 -0.00288646 -0.00180086 -0.00447868
internal_weight=4000 3149 1376 1773 851 506 345
internal_count=4000 3149 1376 1773 851 506 345
is_linear=0
shrinkage=0.08


Tree=39
num_leaves=8
num_cat=0
split_feature=4 4 9 2 10 10 2
split_gain=1.24056 0.870952 0.816255 0.250387 0.689823 0.118297 0.0773606
threshold=-1.8688279496514435 1.9775176102339638 -0.25079736161455696 -0.2437725882385858 0.72025498936476795 0.78290296373582624 0.16621380932718235
decision_type=2 2 2 2 2 2 2
left_child=3 2 -2 4 -1 -5 -3
right_child=1 6 -4 5 -6 -7 -8
leaf_value=0.0049783802982792261 -0.0017042528069675373 -0.0046477663824606658 0.00098305479532227128 0.0043686306419070155 -0.005287886706609575 0.0081221947189368 -0.0024983299393418501
leaf_weight=125 1167 274 1903 221 63 71 176
leaf_count=125 1167 274 1903 221 63 71 176
internal_value=1.58308e-11 -0.000520257 -3.84722e-05 0.00381522 0.00153809 0.00528131 -0.0038071
internal_weight=4000 3520 3070 480 188 292 450
internal_count=4000 3520 3070 480 188 292 450
is_linear=0
shrinkage=0.08


Tree=40
num_leaves=8
num_cat=0
split_feature=4 2 10 9 4 9 1
split_gain=1.08012 0.77761 1.58519 0.811163 0.293561 0.226782 0.071117
threshold=-1.447155442814257 -0.15743167896075425 0.72025498936476795 0.51806780521632279 -2.2640960847115221 0.43549905598684008 -1.5632609624991847
decision_type=2 2 2 2 2 2 2
left_child=4 2 -2 -3 6 -6 -1
right_child=1 3 -4 -5 5 -7 -8
leaf_value=0.0016771881411281916 -0.00042513773067299923 -0.00050073150093235921 -0.006564142580446599 0.0034672347511051694 0.00081183962636645931 0.0041750491121100549 0.0062093001991510386
leaf_weight=26 981 1436 371 428 424 184 150
leaf_count=26 981 1436 371 428 424 184 150
internal_value=-3.31303e-12 -0.000649077 -0.00210973 0.000410368 0.00266254 0.00182965 0.00553978
internal_weight=4000 3216 1352 1864 784 608 176
internal_count=4000 3216 1352 1864 784 608 176
is_linear=0
shrinkage=0.08


Tree=41
num_leaves=8
num_cat=0
split_feature=4 2 10 9 4 9 0
split_gain=1.0169 0.853956 2.29683 0.803583 0.198344 0.111669 0.068986
threshold=1.2853039691277219 0.11557488483349622 0.28077767102815082 -0.28467845933239461 2.2528104272429652 -0.2395507667374723 -1.3668801437431564
decision_type=2 2 2 2 2 2 2
left_child=1 3 -3 -1 5 -2 -6
right_child=4 2 -4 -5 6 -7 -8
leaf_value=-0.0027705358586715555 -0.0028782158866293519 0.0077207358418859796 0.0002251450250012328 0.000853417284137212 -0.00094631559554148807 -0.00086612719332382988 -0.0049059406015051835
leaf_weight=616 282 358 972 1075 33 472 192
leaf_count=616 282 358 972 1075 33 472 192
internal_value=-9.5545e-12 0.00072613 0.00224276 -0.000466722 -0.00224069 -0.00161866 -0.0043252
internal_weight=4000 3021 1330 1691 979 754 225
internal_count=4000 3021 1330 1691 979 754 225
is_linear=0
shrinkage=0.08


Tree=42
num_leaves=7
num_cat=0
split_feature=4 2 9 9 9 10
split_gain=0.888086 0.721486 1.25119 1.05297 0.13146 0.136876
threshold=-2.0030180986164514 -0.029726998312302185 0.25073635069387584 -0.25079736161455696 -0.77228920429507375 0.78564536113805683
decision_type=2 2 2 2 2 2
left_child=4 3 -3 -2 -1 -6
right_child=1 2 -4 -5 5 -7
leaf_value=-0.00094419564560262702 -0.004070325349644249 -0.00088256483091676222 0.0034260514737704212 -3.5133997065477013e-05 0.0032953586142941598 0.0071355377088644003
leaf_weight=36 661 1162 686 1107 272 76
leaf_count=36 661 1162 686 1107 272 76
internal_value=-1.19163e-11 -0.000388453 0.000716846 -0.00154377 0.00365794 0.00413402
internal_weight=4000 3616 1848 1768 384 348
internal_count=4000 3616 1848 1768 384 348
is_linear=0
shrinkage=0.08


Tree=43
num_leaves=8
num_cat=0
split_feature=4 9 10 10 4 9 11
split_gain=0.844765 0.619844 2.72419 0.712328 0.091765 0.100145 0.058424
threshold=1.7483105777286856 0.23156825288094154 0.28077767102815082 0.26583201847082794 2.3847691107834033 0.597707481394818 0.48097085355631725
decision_type=2 2 2 2 2 2 2
left_child=1 3 -3 -1 5 -2 -6
right_child=4 2 -4 -5 6 -7 -8
leaf_value=-0.0027890128408906874 -0.0028062584028621324 0.007846394149612794 -0.00040363274592116637 0.00054617770373018482 -0.0062984520261825036 -3.4045059807025472e-05 -0.0023929579889115232
leaf_weight=559 421 355 920 1536 66 104 39
leaf_count=559 421 355 920 1536 66 104 39
internal_value=-2.43459e-11 0.00050267 0.00189343 -0.000343737 -0.00268889 -0.0022571 -0.00484784
internal_weight=4000 3370 1275 2095 630 525 105
internal_count=4000 3370 1275 2095 630 525 105
is_linear=0
shrinkage=0.08


Tree=44
num_leaves=8
num_cat=0
split_feature=4 2 10 9 4 10 1
split_gain=0.76341 0.507592 1.3284 0.529546 0.236689 0.223482 0.058334
threshold=-1.352116673414395 -0.15743167896075425 0.72025498936476795 0.51806780521632279 -2.2760282920277439 0.043510142220760946 -1.3339158789064296
decision_type=2 2 2 2 2 2 2
left_child=4 2 -2 -3 6 -6 -1
right_child=1 3 -4 -5 5 -7 -8
leaf_value=0.0020154955089092255 -0.00020716767612190081 -0.00044995250363242747 -0.0058722856512726986 0.0027940403774902047 0.0086202742656071984 0.0011948156701090905 0.0057105584130436185
leaf_weight=35 966 1403 365 418 27 661 125
leaf_count=35 966 1403 365 418 27 661 125
internal_value=-3.77448e-12 -0.00057325 -0.00176071 0.000294687 0.00213076 0.00148622 0.00490226
internal_weight=4000 3152 1331 1821 848 688 160
internal_count=4000 3152 1331 1821 848 688 160
is_linear=0
shrinkage=0.08


end of trees

feature_importances:
vwap_z_score=102
bb_pct_b=91
wick_imbalance=63
cvd_score_5m=49
oi_delta_1h_norm=3
vol_z_score=2
oi_delta_5m_norm=1
taker_ratio_log=1
funding_rate_scaled=1
btc_lead_spillover=1

parameters:
[boosting: gbdt]
[objective: regression]
[metric: l2]
[tree_learner: serial]
[device_type: cpu]
[data_sample_strategy: bagging]
[data: ]
[valid: ]
[num_iterations: 45]
[learning_rate: 0.08]
[num_leaves: 8]
[num_threads: 0]
[seed: 42]
[deterministic: 0]
[force_col_wise: 0]
[force_row_wise: 0]
[histogram_pool_size: -1]
[max_depth: 3]
[min_data_in_leaf: 25]
[min_sum_hessian_in_leaf: 0.001]
[bagging_fraction: 1]
[pos_bagging_fraction: 1]
[neg_bagging_fraction: 1]
[bagging_freq: 0]
[bagging_seed: 400]
[bagging_by_query: 0]
[feature_fraction: 1]
[feature_fraction_bynode: 1]
[feature_fraction_seed: 30056]
[extra_trees: 0]
[extra_seed: 12879]
[early_stopping_round: 0]
[early_stopping_min_delta: 0]
[first_metric_only: 0]
[max_delta_step: 0]
[lambda_l1: 0]
[lambda_l2: 0]
[linear_lambda: 0]
[min_gain_to_split: 0]
[drop_rate: 0.1]
[max_drop: 50]
[skip_drop: 0.5]
[xgboost_dart_mode: 0]
[uniform_drop: 0]
[drop_seed: 17869]
[top_rate: 0.2]
[other_rate: 0.1]
[min_data_per_group: 100]
[max_cat_threshold: 32]
[cat_l2: 10]
[cat_smooth: 10]
[max_cat_to_onehot: 4]
[top_k: 20]
[monotone_constraints: ]
[monotone_constraints_method: basic]
[monotone_penalty: 0]
[feature_contri: ]
[forcedsplits_filename: ]
[refit_decay_rate: 0.9]
[cegb_tradeoff: 1]
[cegb_penalty_split: 0]
[cegb_penalty_feature_lazy: ]
[cegb_penalty_feature_coupled: ]
[path_smooth: 0]
[interaction_constraints: ]
[verbosity: -1]
[saved_feature_importance_type: 0]
[use_quantized_grad: 0]
[num_grad_quant_bins: 4]
[quant_train_renew_leaf: 0]
[stochastic_rounding: 1]
[linear_tree: 0]
[max_bin: 255]
[max_bin_by_feature: ]
[min_data_in_bin: 3]
[bin_construct_sample_cnt: 200000]
[data_random_seed: 175]
[is_enable_sparse: 1]
[enable_bundle: 1]
[use_missing: 1]
[zero_as_missing: 0]
[feature_pre_filter: 1]
[pre_partition: 0]
[two_round: 0]
[header: 0]
[label_column: ]
[weight_column: ]
[group_column: ]
[ignore_column: ]
[categorical_feature: ]
[forcedbins_filename: ]
[precise_float_parser: 0]
[parser_config_file: ]
[objective_seed: 16083]
[num_class: 1]
[is_unbalance: 0]
[scale_pos_weight: 1]
[sigmoid: 1]
[boost_from_average: 1]
[reg_sqrt: 0]
[alpha: 0.9]
[fair_c: 1]
[poisson_max_delta_step: 0.7]
[tweedie_variance_power: 1.5]
[lambdarank_truncation_level: 30]
[lambdarank_norm: 1]
[label_gain: ]
[lambdarank_position_bias_regularization: 0]
[eval_at: ]
[multi_error_top_k: 1]
[auc_mu_weights: ]
[num_machines: 1]
[local_listen_port: 12400]
[time_out: 120]
[machine_list_filename: ]
[machines: ]
[gpu_platform_id: -1]
[gpu_device_id: -1]
[gpu_device_id_list: ]
[gpu_use_dp: 0]
[num_gpu: 1]

end of parameters

pandas_categorical:null
