tree
version=v4
num_class=1
num_tree_per_iteration=1
label_index=0
max_feature_idx=11
objective=regression
feature_names=oi_delta_5m_norm oi_delta_1h_norm cvd_score_5m liq_net_bias vwap_z_score top_ls_diff taker_ratio_log funding_rate_scaled vol_z_score wick_imbalance bb_pct_b btc_lead_spillover
feature_infos=[-1.9999534609785354:1.9988706931445224] [-1.9998771246184703:1.9978427242386925] [-0.9998943461354064:0.99934641048418449] [-0.99938053616998812:0.99984965366635303] [-2.4987377275471894:2.4993571913706694] [-1.4998556283170648:1.499702931027695] [-1.4996693045945326:1.4990868280642813] [-1.4997975070602767:1.4991962528870171] [-1.9999723166213101:2.9989468590629764] [-0.99963992203207441:0.99853737039263191] [1.6736257934746313e-05:0.99997214736798234] [-0.99981281228345531:0.99991390873754038]
tree_sizes=870 872 870 864 868 864 867 874 866 870 866 873 864 875 865 867 867 868 871 866 870 869 871 881 864 874 783 875 781 877 875 779 879 777 872 870 872 878 876 874 870 788 874 868 868

Tree=0
num_leaves=8
num_cat=0
split_feature=6 3 3 11 11 11 11
split_gain=23.4426 7.019 6.38973 3.4363 2.88111 2.80339 2.52415
threshold=-0.10869622652964948 -0.30974509963815883 -0.13392813667661516 -0.068144795271736211 -0.078442028100713754 0.099634797770445385 -0.10252858438735911
decision_type=2 2 2 2 2 2 2
left_child=2 5 4 -3 -1 -2 -4
right_child=1 3 6 -5 -6 -7 -8
leaf_value=-0.022656747120607813 -0.010902963648258138 -0.00091949834711396814 -0.012648501749949869 0.0070465276308607216 -0.013186959922637553 -0.0010123523518378646 -0.0047243318347263731
leaf_weight=386 401 659 458 731 440 338 587
leaf_count=386 401 659 458 731 440 338 587
internal_value=-0.00582079 -7.94745e-05 -0.0123538 0.00326983 -0.0176123 -0.00637925 -0.00819732
internal_weight=4000 2129 1871 1390 826 739 1045
internal_count=4000 2129 1871 1390 826 739 1045
is_linear=0
shrinkage=1


Tree=1
num_leaves=8
num_cat=0
split_feature=6 3 3 11 11 11 11
split_gain=19.9887 5.80441 5.76924 2.99606 2.40511 2.32251 2.11026
threshold=-0.023936239406689094 -0.24680976655376149 0.094974872203557506 1.0000000180025095e-35 0.10719321084446544 -0.10252858438735911 0.078274773734075445
decision_type=2 2 2 2 2 2 2
left_child=1 4 3 -2 -1 -3 -4
right_child=2 5 6 -5 -6 -7 -8
leaf_value=-0.015149060494849072 -0.0024823160749726366 -0.0062758723935237007 0.0068072315363690607 0.0058452997076501312 -0.0061432848969280515 0.00080592867887591851 0.014517305787567041
leaf_weight=428 551 523 505 555 341 684 413
leaf_count=428 551 523 505 555 341 684 413
internal_value=7.73645e-11 -0.00572352 0.00558779 0.00169655 -0.0111556 -0.00226266 0.0102759
internal_weight=4000 1976 2024 1106 769 1207 918
internal_count=4000 1976 2024 1106 769 1207 918
is_linear=0
shrinkage=0.08


Tree=2
num_leaves=8
num_cat=0
split_feature=6 3 3 11 11 11 11
split_gain=16.9342 5.31094 4.66105 2.5996 2.0999 1.93111 1.81728
threshold=-0.10869622652964948 -0.38229098984538307 -0.13392813667661516 0.078274773734075445 -0.078442028100713754 0.071804149353956417 -0.10252858438735911
decision_type=2 2 2 2 2 2 2
left_child=2 5 4 -3 -1 -2 -4
right_child=1 3 6 -5 -6 -7 -8
leaf_value=-0.014350343567371693 -0.0050471381308036115 0.004514064688302958 -0.0057794239443592632 0.011292037149853083 -0.0062657364261050879 0.003583461942111758 0.00094426832577527791
leaf_weight=386 357 801 458 661 440 310 587
leaf_count=386 357 801 458 661 440 310 587
internal_value=-1.07592e-11 0.00487968 -0.00555256 0.00757852 -0.0100438 -0.00103591 -0.00200257
internal_weight=4000 2129 1871 1462 826 667 1045
internal_count=4000 2129 1871 1462 826 667 1045
is_linear=0
shrinkage=0.08


Tree=3
num_leaves=8
num_cat=0
split_feature=6 3 3 11 11 11 11
split_gain=14.438 4.41597 4.39386 2.32906 2.21611 1.56788 1.2729
threshold=-0.023936239406689094 0.049584759187848222 0.19718396914892003 0.10719321084446544 -0.21146816412663336 0.078274773734075445 -0.043991330722514259
decision_type=2 2 2 2 2 2 2
left_child=2 4 3 -1 -2 -3 -4
right_child=1 5 6 -5 -6 -7 -8
leaf_value=-0.011092947791898396 -0.0032143904360209825 0.0057705112722383671 -0.0036206913242933111 -0.004044739531439849 0.004217790273729179 0.012274702152800422 0.00291301113931624
leaf_weight=656 432 529 357 553 633 430 410
leaf_count=656 432 529 357 553 633 430 410
internal_value=3.90079e-12 0.004749 -0.00486436 -0.00786908 0.00120305 0.00868688 -0.000128099
internal_weight=4000 2024 1976 1209 1065 959 767
internal_count=4000 2024 1976 1209 1065 959 767
is_linear=0
shrinkage=0.08


Tree=4
num_leaves=8
num_cat=0
split_feature=6 3 3 6 11 11 11
split_gain=12.653 4.77068 2.8415 2.52509 1.71127 1.28405 0.97779
threshold=-0.35289077791534057 -0.30279630480677228 -0.22323994194456551 0.92360357160145534 0.099634797770445385 0.64457385175797399 -0.22200598490336218
decision_type=2 2 2 2 2 2 2
left_child=2 4 5 -3 -2 -1 -4
right_child=1 3 6 -5 -6 -7 -8
leaf_value=-0.011825053116465716 -0.0045157819929423724 0.0040644073363615956 -0.0062911516008493694 0.011027842374188999 0.002584327571445587 -0.0025842891323069736 -0.00089330847675851525
leaf_weight=486 470 1134 345 472 404 120 569
leaf_count=486 470 1134 345 472 404 120 569
internal_value=-3.45386e-12 0.00352251 -0.00574726 0.00611095 -0.00123381 -0.0099952 -0.00293079
internal_weight=4000 2480 1520 1606 874 606 914
internal_count=4000 2480 1520 1606 874 606 914
is_linear=0
shrinkage=0.08


Tree=5
num_leaves=8
num_cat=0
split_feature=6 3 11 3 6 11 11
split_gain=10.9915 4.78617 2.46733 2.26957 1.44125 1.31879 1.28817
threshold=0.40387862056829477 0.17412157614887416 0.35949250303258246 0.47111153081325691 -0.77766941286608149 -0.44522075070476735 -0.6435901538376223
decision_type=2 2 2 2 2 2 2
left_child=1 2 -1 5 -3 -2 -5
right_child=3 4 -4 6 -6 -7 -8
leaf_value=-0.0082672938594642361 -0.0010145958440850162 -0.0028677606334618294 -0.001485078056883031 0.0021480843797326088 0.0033393177127081577 0.0053913010316226926 0.013229858748343912
leaf_weight=1014 282 377 519 86 656 760 306
leaf_count=1014 282 377 519 86 656 760 306
internal_value=-8.66152e-12 -0.00313497 -0.00597116 0.00560972 0.001074 0.00365765 0.0107987
internal_weight=4000 2566 1533 1434 1033 1042 392
internal_count=4000 2566 1533 1434 1033 1042 392
is_linear=0
shrinkage=0.08


Tree=6
num_leaves=8
num_cat=0
split_feature=6 3 3 11 11 11 11
split_gain=9.48757 3.69633 2.27899 2.25745 1.36656 1.07715 0.731663
threshold=-0.35289077791534057 0.37324110998993792 -0.50399626848582613 -0.25931388996017818 0.078274773734075445 -0.13998763236649744 0.71322044392869977
decision_type=2 2 2 2 2 2 2
left_child=2 3 6 -2 -3 -4 -1
right_child=1 4 5 -5 -6 -7 -8
leaf_value=-0.011798305309533429 -0.0027710023964429855 0.0046244487192018792 -0.0060772195978038871 0.0032354183279993788 0.011376934233337533 -0.0010705884255480152 -0.0024401859633508137
leaf_weight=325 644 432 472 1059 345 659 64
leaf_count=325 644 432 472 1059 345 659 64
internal_value=1.83466e-11 0.00305024 -0.0049767 0.000964053 0.00762266 -0.00316 -0.0102587
internal_weight=4000 2480 1520 1703 777 1131 389
internal_count=4000 2480 1520 1703 777 1131 389
is_linear=0
shrinkage=0.08


Tree=7
num_leaves=8
num_cat=0
split_feature=6 3 6 3 11 11 11
split_gain=8.69338 3.96267 1.86405 1.71072 1.42033 0.792443 0.738508
threshold=0.54575471661834596 -0.27766276295165387 -0.77766941286608149 -0.082315185744671768 0.35949250303258246 0.26450402532201739 -0.55364734509721791
decision_type=2 2 2 2 2 2 2
left_child=1 4 -3 5 -1 -2 -5
right_child=3 2 -4 6 -6 -7 -8
leaf_value=-0.0085145156631916651 0.00014453796645264244 -0.0037295889935279603 0.0017371729285125463 0.0034136977314563662 -0.0021318072380363999 0.0062388584461507647 0.0098967710620827768
leaf_weight=689 360 614 1141 145 330 220 501
leaf_count=689 360 614 1141 145 330 220 501
internal_value=-2.96091e-12 -0.0024794 -0.000175415 0.00560999 -0.0064475 0.00245618 0.00844159
internal_weight=4000 2774 1755 1226 1019 580 646
internal_count=4000 2774 1755 1226 1019 580 646
is_linear=0
shrinkage=0.08


Tree=8
num_leaves=8
num_cat=0
split_feature=6 3 6 3 11 11 11
split_gain=7.37123 3.49232 2.01883 1.54318 1.34221 0.810117 0.786494
threshold=0.5770556964504524 0.17412157614887416 -0.96951655710657347 0.47111153081325691 0.25733517310206172 -0.6435901538376223 -0.093369187390468497
decision_type=2 2 2 2 2 2 2
left_child=1 2 -1 6 -3 -5 -2
right_child=3 4 -4 5 -6 -7 -8
leaf_value=-0.0092176783303134953 0.00089632725960080053 -0.00092210436430847475 -0.002905097678012441 0.0019806719617918135 0.004761305294607528 0.012047652040316048 0.0057139467405521597
leaf_weight=442 397 728 1217 64 419 255 478
leaf_count=442 397 728 1217 64 419 255 478
internal_value=-3.75875e-12 -0.00224021 -0.00458693 0.00526468 0.00115405 0.0100279 0.00352812
internal_weight=4000 2806 1659 1194 1147 319 875
internal_count=4000 2806 1659 1194 1147 319 875
is_linear=0
shrinkage=0.08


Tree=9
num_leaves=8
num_cat=0
split_feature=6 3 11 3 11 11 11
split_gain=6.26008 2.72068 1.61979 1.58373 0.928829 0.857061 0.557473
threshold=-0.35289077791534057 -0.38229098984538307 0.25733517310206172 -0.50399626848582613 0.35949250303258246 -0.45670484920138638 0.71322044392869977
decision_type=2 2 2 2 2 2 2
left_child=3 4 -3 6 -2 -5 -1
right_child=1 2 -4 5 -6 -7 -8
leaf_value=-0.0097896287751455726 -0.0033236009750585512 0.0023790597783966204 0.007497471978684651 -0.0062524668654465078 0.0025446839442633973 -0.0012259025323726482 -0.0016210784856230021
leaf_weight=325 530 1064 630 293 256 838 64
leaf_count=325 530 1064 630 293 256 838 64
internal_value=8.75736e-12 0.00247768 0.0042826 -0.00404254 -0.0014123 -0.0025281 -0.0084457
internal_weight=4000 2480 1694 1520 786 1131 389
internal_count=4000 2480 1694 1520 786 1131 389
is_linear=0
shrinkage=0.08


Tree=10
num_leaves=8
num_cat=0
split_feature=6 3 11 3 11 11 11
split_gain=5.75348 2.70546 1.76259 1.21855 0.886518 0.657914 0.608498
threshold=0.5770556964504524 0.31796461298199891 0.33686701343171083 0.47111153081325691 -0.13998763236649744 -0.6435901538376223 -0.44063796272927996
decision_type=2 2 2 2 2 2 2
left_child=1 2 -1 6 -3 -5 -2
right_child=3 4 -4 5 -6 -7 -8
leaf_value=-0.0055511957974739333 -0.0002941877353091345 -0.001315194705888626 -0.00035761345588626939 0.0016318934480659664 0.0036081438117301456 0.010704033385423542 0.0044162552187011483
leaf_weight=1214 243 412 638 64 542 255 632
leaf_count=1214 243 412 638 64 542 255 632
internal_value=4.16027e-12 -0.00197917 -0.00376205 0.00465122 0.00148192 0.00888392 0.0031081
internal_weight=4000 2806 1852 1194 954 319 875
internal_count=4000 2806 1852 1194 954 319 875
is_linear=0
shrinkage=0.08


Tree=11
num_leaves=8
num_cat=0
split_feature=6 6 11 3 3 11 11
split_gain=4.88134 2.41972 1.83065 1.07315 0.864158 0.637341 0.32766
threshold=0.54575471661834596 -0.96951655710657347 -0.049695081993348371 -0.46514343048727996 -0.54667659812294211 -0.54039973158529797 0.62575300916517851
decision_type=2 2 2 2 2 2 2
left_child=1 4 -3 6 -1 -5 -2
right_child=3 2 -4 5 -6 -7 -8
leaf_value=-0.010795687906833929 -0.00083288901228879169 -0.0029398031155313089 0.0018402795460514892 0.0018058722903547082 -0.0042959144893765155 0.0068819076408924264 0.0052316551803798777
leaf_weight=172 274 988 1066 207 548 673 72
leaf_count=172 274 988 1066 207 548 673 72
internal_value=1.19591e-11 -0.0018579 -0.000459001 0.00420376 -0.00584864 0.00568789 0.000429097
internal_weight=4000 2774 2054 1226 720 880 346
internal_count=4000 2774 2054 1226 720 880 346
is_linear=0
shrinkage=0.08


Tree=12
num_leaves=8
num_cat=0
split_feature=6 3 6 3 6 11 0
split_gain=4.20113 1.99263 1.33452 1.18886 1.02864 0.791292 0.297315
threshold=-0.35289077791534057 0.49054720936927337 0.92360357160145534 0.73986036242031505 -1.2227326906214977 0.27251010805121451 1.3246453708815566
decision_type=2 2 2 2 2 2 2
left_child=3 2 -2 4 -1 -3 -5
right_child=1 5 -4 6 -6 -7 -8
leaf_value=-0.0079845577368902413 -0.00075178640064904557 0.003742593262774169 0.003989608813001466 0.0011457253761451554 -0.0028667814538699244 0.0095259299085467541 0.0095842597784940153
leaf_weight=337 1276 429 541 162 989 234 32
leaf_count=337 1276 429 541 162 989 234 32
internal_value=9.39341e-12 0.00202973 0.000659933 -0.00331167 -0.00416745 0.00578377 0.00253765
internal_weight=4000 2480 1817 1520 1326 663 194
internal_count=4000 2480 1817 1520 1326 663 194
is_linear=0
shrinkage=0.08


Tree=13
num_leaves=8
num_cat=0
split_feature=6 3 11 3 6 11 6
split_gain=3.64136 1.67414 1.28043 1.25691 0.824528 0.418224 0.389811
threshold=0.13055326511824963 0.53017494180541391 0.37618957451800877 -0.46514343048727996 0.96199583326936289 -0.043991330722514259 1.1536539690626548
decision_type=2 2 2 2 2 2 2
left_child=1 2 -1 6 -5 -3 -2
right_child=3 5 -4 4 -6 -7 -8
leaf_value=-0.0049374430531374663 -0.0021298075218225722 -0.00061795269320013689 -0.00022919736094951262 0.0024374059225822386 0.0066011551791321293 0.0039548896935823006 0.0030812921296290265
leaf_weight=1136 363 241 548 838 478 273 123
leaf_count=1136 363 241 548 838 478 273 123
internal_value=-8.65148e-12 -0.00218552 -0.00340531 0.0026658 0.00394977 0.00181081 -0.000810949
internal_weight=4000 2198 1684 1802 1316 514 486
internal_count=4000 2198 1684 1802 1316 514 486
is_linear=0
shrinkage=0.08


Tree=14
num_leaves=8
num_cat=0
split_feature=6 3 6 11 3 11 2
split_gain=3.2337 1.96672 1.17157 0.970844 0.67765 0.574849 0.138854
threshold=-0.96951655710657347 -0.30279630480677228 0.96199583326936289 0.099634797770445385 -0.59815523151710259 -0.7306908343892683 -0.18354065806546924
decision_type=2 2 2 2 2 2 2
left_child=4 3 -3 -2 6 -6 -1
right_child=1 2 -4 -5 5 -7 -8
leaf_value=-0.012593369844990472 -0.0036726841532266157 0.0015670577118361553 0.0062413847868089305 0.00096725173616066988 -0.01001198206870974 -0.0025774306175310848 -0.0076466087162818603
leaf_weight=60 638 1684 431 527 77 491 92
leaf_count=60 638 1684 431 527 77 491 92
internal_value=-1.00127e-11 0.00106571 0.0025196 -0.00157376 -0.0048549 -0.00358528 -0.00959928
internal_weight=4000 3280 2115 1165 720 568 152
internal_count=4000 3280 2115 1165 720 568 152
is_linear=0
shrinkage=0.08


Tree=15
num_leaves=8
num_cat=0
split_feature=6 3 11 3 11 11 11
split_gain=2.8153 1.79405 1.15031 0.737355 0.482374 0.476023 0.443244
threshold=0.5770556964504524 -0.51282885586070792 0.25733517310206172 0.47111153081325691 0.37618957451800877 -0.6435901538376223 0.62575300916517851
decision_type=2 2 2 2 2 2 2
left_child=1 4 -3 6 -1 -5 -2
right_child=3 2 -4 5 -6 -7 -8
leaf_value=-0.0062647903607207902 0.0012309317371847549 -0.0017062147632317291 0.0021324896711897167 0.00037753740441985427 -0.0017047172952705705 0.008094376408321528 0.0059958758193302576
leaf_weight=490 724 1286 817 64 213 255 151
leaf_count=490 724 1286 817 64 213 255 151
internal_value=4.91142e-12 -0.00138446 -0.000214906 0.0032536 -0.00488315 0.00654617 0.00205322
internal_weight=4000 2806 2103 1194 703 319 875
internal_count=4000 2806 2103 1194 703 319 875
is_linear=0
shrinkage=0.08


Tree=16
num_leaves=8
num_cat=0
split_feature=6 11 8 8 3 6 0
split_gain=2.63506 1.55768 3.43017 1.72198 0.741868 0.48202 0.216136
threshold=-0.70435757781455877 -0.50792772016817334 0.51241001099781414 0.51241001099781414 0.77407439501131592 -1.2227326906214977 0.98983068946090114
decision_type=2 2 2 2 2 2 2
left_child=4 2 -2 -3 5 -1 -6
right_child=1 3 -4 -5 6 -7 -8
leaf_value=-0.0065338348020964609 0.0035271792603308941 0.00010810178077458228 -0.0072079191842072642 0.0046197617437030089 0.00031153457150572819 -0.0027866082855517132 0.0077204327802691203
leaf_weight=344 379 1096 383 1070 84 608 36
leaf_count=344 379 1096 383 1070 84 608 36
internal_value=-3.95882e-12 0.00124242 -0.00186855 0.00233685 -0.00339346 -0.00414065 0.0025342
internal_weight=4000 2928 762 2166 1072 952 120
internal_count=4000 2928 762 2166 1072 952 120
is_linear=0
shrinkage=0.08


Tree=17
num_leaves=8
num_cat=0
split_feature=6 3 11 11 8 3 11
split_gain=2.26646 1.34469 1.0424 0.786872 1.31005 0.738397 0.506138
threshold=-0.40154535010822906 0.65233287975849119 -0.3864994883491793 0.83696880033748589 0.49803010052354263 -0.59815523151710259 0.44072803875844108
decision_type=2 2 2 2 2 2 2
left_child=3 2 -2 5 -5 -1 -3
right_child=1 6 -4 4 -6 -7 -8
leaf_value=-0.0067170351779530929 -0.0020556983475261623 0.0036465669277876661 0.0017927620449568588 -0.0051350000232622704 0.011404270716584645 -0.0021067893929868366 0.0094795270385565587
leaf_weight=282 658 323 1428 58 65 1051 135
leaf_count=282 658 323 1428 58 65 1051 135
internal_value=-5.3941e-12 0.00144064 0.000578818 -0.00251716 0.00360527 -0.0030821 0.00536589
internal_weight=4000 2544 2086 1456 123 1333 458
internal_count=4000 2544 2086 1456 123 1333 458
is_linear=0
shrinkage=0.08


Tree=18
num_leaves=8
num_cat=0
split_feature=6 3 11 11 6 3 3
split_gain=2.06124 1.49734 0.776496 0.668191 0.519339 0.359276 0.277736
threshold=0.60376316639935712 0.0078947875496376847 0.099634797770445385 0.76639683462934916 1.2103649407241881 0.13078855204970022 0.80914056573775639
decision_type=2 2 2 2 2 2 2
left_child=1 2 -1 -3 5 -2 -6
right_child=4 3 -4 -5 6 -7 -8
leaf_value=-0.0046683602789378206 0.00023922816537394955 8.0534482381772261e-05 -0.00094520870703793049 0.0055713261547498403 0.0046077825353376426 0.003697862060629387 0.011757223852551901
leaf_weight=782 451 1250 662 160 321 335 39
leaf_count=782 451 1250 662 160 321 335 39
internal_value=6.34027e-13 -0.00115077 -0.00296149 0.000703603 0.00286589 0.00171333 0.00538231
internal_weight=4000 2854 1444 1410 1146 786 360
internal_count=4000 2854 1444 1410 1146 786 360
is_linear=0
shrinkage=0.08


Tree=19
num_leaves=8
num_cat=0
split_feature=6 3 11 11 8 8 11
split_gain=1.92784 1.30835 1.02082 0.471073 1.02434 0.53454 0.448324
threshold=-0.96951655710657347 0.65233287975849119 -0.35824759183917804 0.38324659174848946 0.49803010052354263 0.62864201782532036 0.89839721629511993
decision_type=2 2 2 2 2 2 2
left_child=3 2 -2 5 -5 -1 -3
right_child=1 6 -4 4 -6 -7 -8
leaf_value=-0.002637648001255002 -0.0021513927445798641 0.0037221374593808428 0.0011656108744085704 -0.0059572310145729439 0.0041855107260495425 -0.0080652728648649315 0.01346189083531499
leaf_weight=240 883 552 1813 130 125 225 32
leaf_count=240 883 552 1813 130 125 225 32
internal_value=2.82307e-14 0.000822858 7.92184e-05 -0.00374857 -0.000985299 -0.00526392 0.00425582
internal_weight=4000 3280 2696 720 255 465 584
internal_count=4000 3280 2696 720 255 465 584
is_linear=0
shrinkage=0.08


Tree=20
num_leaves=8
num_cat=0
split_feature=6 3 11 11 8 3 0
split_gain=1.65558 1.26668 0.877483 0.448788 1.55477 0.445241 0.230678
threshold=0.60376316639935712 -0.7727941948448227 0.72801525630225605 0.61856636633366235 0.49803010052354263 -0.48285351121486636 0.3931655567229953
decision_type=2 2 2 2 2 2 2
left_child=1 6 -3 5 -5 -2 -1
right_child=3 2 -4 4 -6 -7 -8
leaf_value=-0.0039515449927188459 -0.0010841031927947213 -0.0010309405507511157 0.003220309891533389 -0.00098626685447479579 0.013016406387680828 0.0028694734921525938 -0.0082506141566524391
leaf_weight=200 247 2158 363 102 101 696 133
leaf_count=200 247 2158 363 102 101 696 133
internal_value=-2.8389e-12 -0.00103134 -0.000418801 0.00256844 0.00598058 0.00183391 -0.00566859
internal_weight=4000 2854 2521 1146 203 943 333
internal_count=4000 2854 2521 1146 203 943 333
is_linear=0
shrinkage=0.08


Tree=21
num_leaves=8
num_cat=0
split_feature=6 3 6 2 3 11 2
split_gain=1.56295 1.10606 0.758537 0.503881 0.406686 0.276862 0.169351
threshold=-0.96951655710657347 0.36550076436056106 1.1781829779231547 -0.20385798108483141 0.54674533811220205 -0.078442028100713754 0.27075047087212228
decision_type=2 2 2 2 2 2 2
left_child=4 2 -2 -3 5 -1 -6
right_child=1 3 -4 -5 6 -7 -8
leaf_value=-0.006392694569784722 -0.00081343776373336829 0.0050960847183459381 0.0036030785899217196 0.0014794107123637231 -0.002088211522682717 -0.002800100652068805 0.0030975827148982454
leaf_weight=249 1964 408 285 623 95 306 70
leaf_count=249 1964 408 285 623 95 306 70
internal_value=4.25542e-12 0.000740903 -0.000253764 0.00291065 -0.00337522 -0.00441191 0.000111822
internal_weight=4000 3280 2249 1031 720 555 165
internal_count=4000 3280 2249 1031 720 555 165
is_linear=0
shrinkage=0.08


Tree=22
num_leaves=8
num_cat=0
split_feature=6 11 8 8 3 11 1
split_gain=1.32288 1.01983 4.88592 1.90521 0.352031 0.446221 0.249017
threshold=-0.96951655710657347 0.35949250303258246 0.49803010052354263 0.49803010052354263 -0.70532327629206781 -0.7306908343892683 -0.59328061939857257
decision_type=2 2 2 2 2 2 2
left_child=4 3 -3 -2 6 -6 -1
right_child=1 2 -4 -5 5 -7 -8
leaf_value=-0.014034206786503394 0.0020726356817332477 -0.0026755525872166502 0.0083775341043994811 -0.0025771538093832232 -0.007764761020484217 -0.0015224967305452206 -0.0050901533316477744
leaf_weight=27 1120 519 505 1136 85 532 76
leaf_count=27 1120 519 505 1136 85 532 76
internal_value=-4.44846e-12 0.000681631 0.00277543 -0.000268748 -0.00310521 -0.00238245 -0.00743471
internal_weight=4000 3280 1024 2256 720 617 103
internal_count=4000 3280 1024 2256 720 617 103
is_linear=0
shrinkage=0.08


Tree=23
num_leaves=8
num_cat=0
split_feature=3 6 2 0 0 11 11
split_gain=1.25508 0.960624 0.544166 6.59606 4.78183 0.508142 0.440354
threshold=-0.50399626848582613 -0.10869622652964948 0.20621668981362865 0.30560967136213352 -0.29911662018614521 -0.55364734509721791 -0.49009401318576168
decision_type=2 2 2 2 2 2 2
left_child=2 6 4 -4 -1 -3 -2
right_child=1 5 3 -5 -6 -7 -8
leaf_value=-0.0092621636027635876 -0.0032018667177159481 -0.00044564385391082206 0.0043975393259988154 -0.015764485402627197 0.005165351978602668 0.0029508251350705296 0.00010688244670527935
leaf_weight=253 342 366 232 188 351 1227 1041
leaf_count=253 342 366 232 188 351 1227 1041
internal_value=5.17242e-12 0.000831244 -0.0024158 -0.00462737 -0.000877962 0.00217047 -0.000711333
internal_weight=4000 2976 1024 420 604 1593 1383
internal_count=4000 2976 1024 420 604 1593 1383
is_linear=0
shrinkage=0.08


Tree=24
num_leaves=8
num_cat=0
split_feature=6 3 11 11 3 11 6
split_gain=1.17303 1.06299 0.617822 0.436455 0.295916 0.249895 0.0676736
threshold=0.87551162069968524 0.60906806477076036 -0.35824759183917804 0.89839721629511993 -0.84677656975664117 0.61856636633366235 1.165926318664037
decision_type=2 2 2 2 2 2 2
left_child=1 2 -1 -3 6 -6 -2
right_child=4 3 -4 -5 5 -7 -8
leaf_value=-0.0031547695976482694 -0.0039816945744678379 0.0017629978238064953 -0.00052633454346298061 0.011082379140836351 0.0025512731123563219 0.0063948391703363599 0.00073190753374780925
leaf_weight=858 44 595 1719 34 582 133 35
leaf_count=858 44 595 1719 34 582 133 35
internal_value=-8.89777e-12 -0.000681777 -0.00140146 0.00226675 0.00275287 0.00326623 -0.00189339
internal_weight=4000 3206 2577 629 794 715 79
internal_count=4000 3206 2577 629 794 715 79
is_linear=0
shrinkage=0.08


Tree=25
num_leaves=8
num_cat=0
split_feature=3 6 6 11 11 3 11
split_gain=1.03783 0.556396 0.546886 0.4765 0.383958 0.26305 0.124277
threshold=-0.086671917071889912 -0.77766941286608149 -1.1731032087450275 0.65563248828768661 0.25733517310206172 0.95869904181480914 -0.3714907621047176
decision_type=2 2 2 2 2 2 2
left_child=2 5 6 -4 -3 -2 -1
right_child=1 4 3 -5 -6 -7 -8
leaf_value=-0.0079781761182033846 -0.001508627511212847 0.0010008204804233022 -0.0015342151706223728 0.0020055501358704673 0.0035586067543998106 0.0063305950807086356 -0.0038636499011696097
leaf_weight=68 495 1043 1328 298 587 29 152
leaf_count=68 495 1043 1328 298 587 29 152
internal_value=-4.77085e-13 0.00119293 -0.00139197 -0.000885476 0.00192194 -0.00107478 -0.00513541
internal_weight=4000 2154 1846 1626 1630 524 220
internal_count=4000 2154 1846 1626 1630 524 220
is_linear=0
shrinkage=0.08


Tree=26
num_leaves=7
num_cat=0
split_feature=6 3 11 2 3 11
split_gain=0.996214 0.874673 0.4511 0.377675 0.179323 0.123694
threshold=1.165926318664037 -0.27766276295165387 -0.74294377888112184 -0.2437725882385858 0.80914056573775639 -0.75263563360967489
decision_type=2 2 2 2 2 2
left_child=1 3 -3 -1 5 -2
right_child=4 2 -4 -5 -6 -7
leaf_value=-0.0038402716303172668 -0.00095823377016044796 -0.0024163454089055399 0.00095235916491116443 -0.0010319768249242877 0.0086451004209950385 0.0036466196825702874
leaf_weight=488 42 292 1976 824 42 336
leaf_count=488 42 292 1976 824 42 336
internal_value=9.52568e-13 -0.000432434 0.000518646 -0.00207653 0.00368598 0.00313497
internal_weight=4000 3580 2268 1312 420 378
internal_count=4000 3580 2268 1312 420 378
is_linear=0
shrinkage=0.08


Tree=27
num_leaves=8
num_cat=0
split_feature=6 3 11 6 3 0 3
split_gain=0.882094 0.559569 0.444167 0.392639 0.311152 0.216101 0.178887
threshold=0.10069848623732904 -0.7727941948448227 -0.45670484920138638 1.2235000479313392 -0.57700916220602594 0.3931655567229953 0.82963112495620861
decision_type=2 2 2 2 2 2 2
left_child=1 5 -3 4 -2 -1 -5
right_child=3 2 -4 6 -6 -7 -8
leaf_value=-0.0027075496076926736 -0.0015041292913857414 -0.0026553177354183685 0.00011369407366702391 0.0031224811600464491 0.0013168962270813022 -0.0074413036455364123 0.0093162460049444982
leaf_weight=154 317 506 1387 312 1188 103 33
leaf_count=154 317 506 1387 312 1188 103 33
internal_value=-9.12987e-12 -0.00110201 -0.000626464 0.00128071 0.0007227 -0.00460474 0.00371493
internal_weight=4000 2150 1893 1850 1505 257 345
internal_count=4000 2150 1893 1850 1505 257 345
is_linear=0
shrinkage=0.08


Tree=28
num_leaves=7
num_cat=0
split_feature=3 6 6 11 11 3
split_gain=0.807022 0.732312 0.461394 0.4423 0.303021 0.203808
threshold=0.61709944268950878 0.69278862850893985 -1.2145321816917933 0.88880521369639742 -0.75263563360967489 -0.84677656975664117
decision_type=2 2 2 2 2 2
left_child=1 2 -1 4 -2 -3
right_child=3 5 -4 -5 -6 -7
leaf_value=-0.0040433231114882602 -0.0022274645215066354 -0.0019332922242351414 -0.00081896528081748087 0.0099277720618588111 0.0024942251372758592 0.0019723126521157333
leaf_weight=329 101 97 2078 46 627 722
leaf_count=329 101 97 2078 46 627 722
internal_value=-2.22408e-12 -0.000556597 -0.00125969 0.00231987 0.00183916 0.00150974
internal_weight=4000 3226 2407 774 728 819
internal_count=4000 3226 2407 774 728 819
is_linear=0
shrinkage=0.08


Tree=29
num_leaves=8
num_cat=0
split_feature=11 8 8 11 11 11 3
split_gain=0.723168 4.01223 3.97904 1.42306 0.861159 0.292521 0.261007
threshold=-0.049695081993348371 0.51241001099781414 0.49803010052354263 0.61856636633366235 -0.68935662129635622 0.53248938014646785 -0.70532327629206781
decision_type=2 2 2 2 2 2 2
left_child=1 6 5 -4 -3 -2 -1
right_child=2 4 3 -5 -6 -7 -8
leaf_value=-0.00043121501895951932 -0.0012390966664500977 -0.0082847976978640651 0.0022487329877324868 0.0083369609694031507 -0.0031412557371213652 -0.0039319775642337488 0.0030991492144967197
leaf_weight=161 552 311 673 387 631 485 800
leaf_count=161 552 311 673 387 631 485 800
internal_value=4.18869e-12 -0.00112917 0.00102471 0.00447151 -0.00483939 -0.00249854 0.00250769
internal_weight=4000 1903 2097 1060 942 1037 961
internal_count=4000 1903 2097 1060 942 1037 961
is_linear=0
shrinkage=0.08


Tree=30
num_leaves=8
num_cat=0
split_feature=6 3 11 2 3 11 0
split_gain=0.708559 0.557701 0.386629 0.353122 0.338089 0.195079 0.182725
threshold=-0.68549014146436893 -0.7727941948448227 0.26450402532201739 0.22452035209761259 0.77407439501131592 0.38324659174848946 0.98983068946090114
decision_type=2 2 2 2 2 2 2
left_child=4 3 -3 -2 5 -1 -6
right_child=1 2 -4 -5 6 -7 -8
leaf_value=-0.0030287096716405094 -0.00020707213899758819 0.00031100621122183664 0.0023500338068808122 -0.0052697341331599543 0.00022156029227463639 -0.00060216958868127479 0.0070217498557435141
leaf_weight=653 216 1599 948 149 85 314 36
leaf_count=653 216 1599 948 149 85 314 36
internal_value=-8.49366e-12 0.000650829 0.00106994 -0.00227375 -0.00174192 -0.00224077 0.00224476
internal_weight=4000 2912 2547 365 1088 967 121
internal_count=4000 2912 2547 365 1088 967 121
is_linear=0
shrinkage=0.08


Tree=31
num_leaves=7
num_cat=0
split_feature=3 6 3 11 2 3
split_gain=0.632955 0.581936 0.356379 0.335939 0.246221 0.146374
threshold=0.61709944268950878 0.69278862850893985 -0.7727941948448227 0.88880521369639742 0.23310832357334779 -0.88204281227360226
decision_type=2 2 2 2 2 2
left_child=1 2 -1 4 -2 -3
right_child=3 5 -4 -5 -6 -7
leaf_value=-0.0035035337683024578 0.00047580598332900518 -0.0020698325601342608 -0.0007221861137661265 0.0086848618559863255 0.0035019723594474097 0.0016836360877296444
leaf_weight=344 449 73 2063 46 279 746
leaf_count=344 449 73 2063 46 279 746
internal_value=-1.06578e-12 -0.00049293 -0.00111969 0.00205451 0.00163556 0.00134908
internal_weight=4000 3226 2407 774 728 819
internal_count=4000 3226 2407 774 728 819
is_linear=0
shrinkage=0.08


Tree=32
num_leaves=8
num_cat=0
split_feature=6 11 8 8 11 8 8
split_gain=0.588198 0.458221 2.78746 1.11697 0.187432 0.736128 0.406728
threshold=-0.96951655710657347 -0.50792772016817334 0.51241001099781414 0.51241001099781414 0.39953701690009907 0.49803010052354263 0.62864201782532036
decision_type=2 2 2 2 2 2 2
left_child=4 2 -2 -3 6 -6 -1
right_child=1 3 -4 -5 5 -7 -8
leaf_value=-0.00071904963125174015 0.0033530243069645927 -0.00069761272877784863 -0.0057947788684271041 0.0027348608008861191 -0.0045002257211420402 0.0041517497815733743 -0.0054374201938085136
leaf_weight=240 434 1216 419 1211 130 122 228
leaf_count=240 434 1216 419 1211 130 122 228
internal_value=-7.76359e-12 0.000454518 -0.00114045 0.00101509 -0.00207058 -0.000311571 -0.00301774
internal_weight=4000 3280 853 2427 720 252 468
internal_count=4000 3280 853 2427 720 252 468
is_linear=0
shrinkage=0.08


Tree=33
num_leaves=7
num_cat=0
split_feature=6 3 2 11 3 5
split_gain=0.560197 0.518554 0.314674 0.305911 0.107118 0.0740436
threshold=1.165926318664037 0.13078855204970022 -0.20385798108483141 0.64457385175797399 0.82963112495620861 -0.78031203316413533
decision_type=2 2 2 2 2 2
left_child=1 3 -3 -1 5 -2
right_child=4 2 -4 -5 -6 -7
leaf_value=-0.0016319157658797518 0.0046145161872108778 0.0021785357536702517 -0.000155827318764765 0.000863582160344936 0.0068148110061883932 0.0018105956484129083
leaf_weight=1657 75 620 915 388 38 307
leaf_count=1657 75 620 915 388 38 307
internal_value=5.27391e-12 -0.000324275 0.000787042 -0.00115844 0.00276406 0.0023611
internal_weight=4000 3580 1535 2045 420 382
internal_count=4000 3580 1535 2045 420 382
is_linear=0
shrinkage=0.08


Tree=34
num_leaves=8
num_cat=0
split_feature=3 6 2 0 0 3 11
split_gain=0.493561 0.450943 0.303318 5.76763 3.84626 0.288796 0.145428
threshold=0.61709944268950878 0.40387862056829477 -0.20385798108483141 -0.29911662018614521 0.3931655567229953 -0.7727941948448227 -0.68935662129635622
decision_type=2 2 2 2 2 2 2
left_child=1 5 3 -2 -4 -1 -3
right_child=2 6 4 -5 -6 -7 -8
leaf_value=-0.0034190498857886499 0.016487412575547023 -0.001332320838312929 -0.0051353305904836997 -0.0056558663879473841 0.0098562313478694052 -0.00074727915678048388 0.0012161491194860085
leaf_weight=303 131 168 290 177 176 1780 975
leaf_count=303 131 168 290 177 176 1780 975
internal_value=4.72844e-12 -0.00043528 0.00181423 0.00376222 0.000526719 -0.00113592 0.000841571
internal_weight=4000 3226 774 308 466 2083 1143
internal_count=4000 3226 774 308 466 2083 1143
is_linear=0
shrinkage=0.08


Tree=35
num_leaves=8
num_cat=0
split_feature=6 11 8 8 11 8 3
split_gain=0.457837 0.374795 3.24534 1.3483 0.164571 0.305956 0.159135
threshold=-0.99451950927473132 0.35949250303258246 0.49803010052354263 0.49803010052354263 -0.74722533946848912 0.80316741690251148 -0.72442027958696342
decision_type=2 2 2 2 2 2 2
left_child=4 3 -3 -2 5 -1 -6
right_child=1 2 -4 -5 6 -7 -8
leaf_value=0.00016448318811231537 0.001781829791091722 -0.0027793190875148644 0.0061937141375360541 -0.0021092079391026972 -0.0045783755762352687 -0.0094890928522069415 -0.0008796928164300097
leaf_weight=38 1129 522 510 1151 87 47 516
leaf_count=38 1129 522 510 1151 87 47 516
internal_value=-7.15496e-12 0.00039009 0.00165503 -0.000182462 -0.00187787 -0.00517338 -0.00141333
internal_weight=4000 3312 1032 2280 688 85 603
internal_count=4000 3312 1032 2280 688 85 603
is_linear=0
shrinkage=0.08


Tree=36
num_leaves=8
num_cat=0
split_feature=6 3 2 2 3 2 2
split_gain=0.431116 0.389243 0.333277 0.250233 0.0849228 0.174005 0.0813837
threshold=1.165926318664037 0.0078947875496376847 -0.2437725882385858 -0.20385798108483141 0.48012642512157827 0.28306066462938767 0.25270867801708891
decision_type=2 2 2 2 2 2 2
left_child=1 2 -1 -3 6 -6 -2
right_child=4 3 -4 -5 5 -7 -8
leaf_value=-0.0024971188634190077 0.0027494937177909048 0.0017371394461711005 -0.00026249462223608481 -0.00021115023533707544 0.0014861561820531885 0.0079484411988717824 7.6000624866192715e-05
leaf_weight=686 196 700 1132 1062 60 48 116
leaf_count=686 196 700 1132 1062 60 48 116
internal_value=-1.6109e-13 -0.000284472 -0.0011057 0.000562858 0.00242479 0.00435828 0.0017555
internal_weight=4000 3580 1818 1762 420 108 312
internal_count=4000 3580 1818 1762 420 108 312
is_linear=0
shrinkage=0.08


Tree=37
num_leaves=8
num_cat=0
split_feature=11 8 8 11 11 3 11
split_gain=0.414039 2.7774 1.05967 1.99051 0.790471 0.233872 0.190961
threshold=-0.50792772016817334 0.51241001099781414 0.51241001099781414 0.43139283601100015 -0.0082208519511212091 -0.8533227883623149 -0.68935662129635622
decision_type=2 2 2 2 2 2 2
left_child=1 5 4 -4 -2 -1 -3
right_child=2 6 3 -5 -6 -7 -8
leaf_value=-0.0027118497954474559 0.0016137368480796089 -0.0067834832266997248 -0.00028922791263413154 0.0057669503701889158 -0.0023033267810584103 0.0033280764243174945 -0.0036290901519697655
leaf_weight=45 490 311 920 558 1008 465 203
leaf_count=45 490 311 920 558 1008 465 203
internal_value=-1.61708e-13 -0.00138755 0.000477435 0.0019972 -0.00102204 0.00279514 -0.00553768
internal_weight=4000 1024 2976 1478 1498 510 514
internal_count=4000 1024 2976 1478 1498 510 514
is_linear=0
shrinkage=0.08


Tree=38
num_leaves=8
num_cat=0
split_feature=6 11 8 8 3 6 4
split_gain=0.400751 0.289982 1.53217 0.644117 0.223267 0.146072 0.109363
threshold=-0.63071443009216022 -0.55364734509721791 0.51241001099781414 0.51241001099781414 0.77407439501131592 -1.2968117690678562 0.76056208960619121
decision_type=2 2 2 2 2 2 2
left_child=4 2 -2 -3 5 -1 -6
right_child=1 3 -4 -5 6 -7 -8
leaf_value=-0.003294090670751757 0.0029193029642742545 -0.00039903527058785334 -0.0047956767399637791 0.0023558988474960373 0.0038089908528831096 -0.0010931325747975391 -0.0009673970587113325
leaf_weight=256 328 1101 331 1072 77 784 51
leaf_count=256 328 1101 331 1072 77 784 51
internal_value=-4.30882e-13 0.000514247 -0.000955748 0.000960049 -0.00124687 -0.00163491 0.0019059
internal_weight=4000 2832 659 2173 1168 1040 128
internal_count=4000 2832 659 2173 1168 1040 128
is_linear=0
shrinkage=0.08


Tree=39
num_leaves=8
num_cat=0
split_feature=3 2 0 0 6 11 11
split_gain=0.363694 0.311716 5.23692 2.92113 0.263264 0.171173 0.121116
threshold=0.33649645418551838 0.31809833853487718 0.33193523554791066 -0.29911662018614521 0.23851332615045243 0.83696880033748589 0.33686701343171083
decision_type=2 2 2 2 2 2 2
left_child=4 3 -3 -2 5 -1 -6
right_child=1 2 -4 -5 6 -7 -8
leaf_value=-0.001472815480674514 0.0054997479472137789 -0.0044017216084985301 0.013365015210427718 -0.0038136031946946259 -0.00018344873503298476 0.0013433094017110227 0.0015892650882055799
leaf_weight=1422 380 261 179 498 736 153 371
leaf_count=1422 380 261 179 498 736 153 371
internal_value=3.87859e-12 0.00108818 0.00282611 0.000217232 -0.000534757 -0.00119925 0.000410659
internal_weight=4000 1318 440 878 2682 1575 1107
internal_count=4000 1318 440 878 2682 1575 1107
is_linear=0
shrinkage=0.08


Tree=40
num_leaves=8
num_cat=0
split_feature=3 6 2 0 0 11 11
split_gain=0.339996 0.30959 0.279251 3.65494 3.02869 0.215141 0.176938
threshold=-0.7727941948448227 -0.70435757781455877 0.22452035209761259 0.30560967136213352 -0.29911662018614521 0.72801525630225605 -0.75263563360967489
decision_type=2 2 2 2 2 2 2
left_child=2 6 4 -4 -1 -3 -2
right_child=1 5 3 -5 -6 -7 -8
leaf_value=-0.010728867482055317 -0.003814053886732633 0.00044098095951428947 0.0057629671059200695 -0.015982611723568126 0.0062878631276476107 0.0025833276747685647 -0.0005411868280644352
leaf_weight=110 121 2215 107 92 171 347 837
leaf_count=110 121 2215 107 92 171 347 837
internal_value=1.66277e-12 0.000272362 -0.00199732 -0.00429027 -0.00037349 0.000731143 -0.000954566
internal_weight=4000 3520 480 199 281 2562 958
internal_count=4000 3520 480 199 281 2562 958
is_linear=0
shrinkage=0.08


Tree=41
num_leaves=7
num_cat=0
split_feature=6 3 2 2 3 5
split_gain=0.31699 0.276823 0.276421 0.231299 0.0750903 0.0445324
threshold=1.2235000479313392 0.0078947875496376847 -0.2437725882385858 -0.20385798108483141 0.82963112495620861 -0.76989330123166322
decision_type=2 2 2 2 2 2
left_child=1 2 -1 -3 5 -2
right_child=4 3 -4 -5 -6 -7
leaf_value=-0.0021485290062886134 0.0038342915943247223 0.0016108549280121919 -0.00013873880282458086 -0.0002452447353657481 0.0059470670060677968 0.0014534245627657811
leaf_weight=707 63 711 1151 1086 33 249
leaf_count=707 63 711 1151 1086 33 249
internal_value=-1.29075e-13 -0.000218801 -0.000903498 0.000489139 0.00231802 0.00193418
internal_weight=4000 3655 1858 1797 345 312
internal_count=4000 3655 1858 1797 345 312
is_linear=0
shrinkage=0.08


Tree=42
num_leaves=8
num_cat=0
split_feature=11 8 8 11 11 11 11
split_gain=0.292953 2.3704 2.27048 0.754617 0.37215 0.2556 0.175147
threshold=-0.049695081993348371 0.51241001099781414 0.49803010052354263 0.61856636633366235 -0.68935662129635622 0.68925511805756356 -0.31170534604724648
decision_type=2 2 2 2 2 2 2
left_child=1 6 5 -4 -3 -2 -1
right_child=2 4 3 -5 -6 -7 -8
leaf_value=0.0027206047799809979 -0.0011984922256797191 -0.0058354210461882151 0.0016372341661728548 0.0060706970926906034 -0.0024541537071063099 -0.0039549665376544 0.00026516216146456643
leaf_weight=709 732 311 673 387 631 305 252
leaf_count=709 732 311 673 387 631 305 252
internal_value=-3.83239e-12 -0.000718685 0.000652197 0.00325587 -0.00357047 -0.00200922 0.00207672
internal_weight=4000 1903 2097 1060 942 1037 961
internal_count=4000 1903 2097 1060 942 1037 961
is_linear=0
shrinkage=0.08


Tree=43
num_leaves=8
num_cat=0
split_feature=6 3 6 0 11 8 8
split_gain=0.280254 0.262683 0.245511 0.180474 0.0810228 0.219519 0.14778
threshold=1.0786285217045455 0.73986036242031505 -1.2227326906214977 0.98983068946090114 -0.50792772016817334 0.5435542588941672 0.5435542588941672
decision_type=2 2 2 2 2 2 2
left_child=1 2 -1 -3 5 -2 -6
right_child=4 3 -4 -5 6 -7 -8
leaf_value=-0.0025667021125423766 0.0036663329168888075 0.00053620069398681194 -0.00027562235731557058 0.0040736045932862905 0.0006289927814135789 -0.0030752670107598323 0.0037119307747833152
leaf_weight=337 56 331 2679 128 186 69 214
leaf_count=337 56 331 2679 128 186 69 214
internal_value=-6.69375e-12 -0.000260278 -0.000531622 0.00152267 0.00172279 -5.50302e-05 0.00227836
internal_weight=4000 3475 3016 459 525 125 400
internal_count=4000 3475 3016 459 525 125 400
is_linear=0
shrinkage=0.08


Tree=44
num_leaves=8
num_cat=0
split_feature=3 2 0 0 11 8 6
split_gain=0.265432 0.246814 3.09663 2.52894 0.242136 1.03934 0.226416
threshold=-0.7727941948448227 0.22452035209761259 0.30560967136213352 -0.29911662018614521 0.84684703251174342 0.58672387432183337 -0.68549014146436893
decision_type=2 2 2 2 2 2 2
left_child=1 3 -3 -1 6 -6 -2
right_child=4 2 -4 -5 5 -7 -8
leaf_value=-0.0097006996683776381 -0.0010417334196756835 0.0053331590053912635 -0.014682754174522732 0.0058488543976468656 -0.0023677286269896207 0.0073457151063526351 0.00045670139014546791
leaf_weight=110 890 107 92 171 141 141 2348
leaf_count=110 890 107 92 171 141 141 2348
internal_value=-4.46569e-12 -0.00176477 -0.00392043 -0.00023816 0.00024065 0.00248899 4.48401e-05
internal_weight=4000 480 199 281 3520 282 3238
internal_count=4000 480 199 281 3520 282 3238
is_linear=0
shrinkage=0.08


end of trees

feature_importances:
btc_lead_spillover=108
liq_net_bias=77
taker_ratio_log=61
vol_z_score=26
cvd_score_5m=18
oi_delta_5m_norm=16
top_ls_diff=2
oi_delta_1h_norm=1
vwap_z_score=1

parameters:
[boosting: gbdt]
[objective: regression]
[metric: l2]
[tree_learner: serial]
[device_type: cpu]
[data_sample_strategy: bagging]
[data: ]
[valid: ]
[num_iterations: 45]
[learning_rate: 0.08]
[num_leaves: 8]
[num_threads: 0]
[seed: 42]
[deterministic: 0]
[force_col_wise: 0]
[force_row_wise: 0]
[histogram_pool_size: -1]
[max_depth: 3]
[min_data_in_leaf: 25]
[min_sum_hessian_in_leaf: 0.001]
[bagging_fraction: 1]
[pos_bagging_fraction: 1]
[neg_bagging_fraction: 1]
[bagging_freq: 0]
[bagging_seed: 400]
[bagging_by_query: 0]
[feature_fraction: 1]
[feature_fraction_bynode: 1]
[feature_fraction_seed: 30056]
[extra_trees: 0]
[extra_seed: 12879]
[early_stopping_round: 0]
[early_stopping_min_delta: 0]
[first_metric_only: 0]
[max_delta_step: 0]
[lambda_l1: 0]
[lambda_l2: 0]
[linear_lambda: 0]
[min_gain_to_split: 0]
[drop_rate: 0.1]
[max_drop: 50]
[skip_drop: 0.5]
[xgboost_dart_mode: 0]
[uniform_drop: 0]
[drop_seed: 17869]
[top_rate: 0.2]
[other_rate: 0.1]
[min_data_per_group: 100]
[max_cat_threshold: 32]
[cat_l2: 10]
[cat_smooth: 10]
[max_cat_to_onehot: 4]
[top_k: 20]
[monotone_constraints: ]
[monotone_constraints_method: basic]
[monotone_penalty: 0]
[feature_contri: ]
[forcedsplits_filename: ]
[refit_decay_rate: 0.9]
[cegb_tradeoff: 1]
[cegb_penalty_split: 0]
[cegb_penalty_feature_lazy: ]
[cegb_penalty_feature_coupled: ]
[path_smooth: 0]
[interaction_constraints: ]
[verbosity: -1]
[saved_feature_importance_type: 0]
[use_quantized_grad: 0]
[num_grad_quant_bins: 4]
[quant_train_renew_leaf: 0]
[stochastic_rounding: 1]
[linear_tree: 0]
[max_bin: 255]
[max_bin_by_feature: ]
[min_data_in_bin: 3]
[bin_construct_sample_cnt: 200000]
[data_random_seed: 175]
[is_enable_sparse: 1]
[enable_bundle: 1]
[use_missing: 1]
[zero_as_missing: 0]
[feature_pre_filter: 1]
[pre_partition: 0]
[two_round: 0]
[header: 0]
[label_column: ]
[weight_column: ]
[group_column: ]
[ignore_column: ]
[categorical_feature: ]
[forcedbins_filename: ]
[precise_float_parser: 0]
[parser_config_file: ]
[objective_seed: 16083]
[num_class: 1]
[is_unbalance: 0]
[scale_pos_weight: 1]
[sigmoid: 1]
[boost_from_average: 1]
[reg_sqrt: 0]
[alpha: 0.9]
[fair_c: 1]
[poisson_max_delta_step: 0.7]
[tweedie_variance_power: 1.5]
[lambdarank_truncation_level: 30]
[lambdarank_norm: 1]
[label_gain: ]
[lambdarank_position_bias_regularization: 0]
[eval_at: ]
[multi_error_top_k: 1]
[auc_mu_weights: ]
[num_machines: 1]
[local_listen_port: 12400]
[time_out: 120]
[machine_list_filename: ]
[machines: ]
[gpu_platform_id: -1]
[gpu_device_id: -1]
[gpu_device_id_list: ]
[gpu_use_dp: 0]
[num_gpu: 1]

end of parameters

pandas_categorical:null
